NSET 1
NMEM 1
CPHI 16 
CETA 50 -2.50 -2.40 -2.30 -2.20 -2.10 -2.00 -1.90 -1.80 -1.70 -1.60 -1.50 -1.40 -1.30 -1.20 -1.10 -1.00 -0.90 -0.80 -0.70 -0.60 -0.50 -0.40 -0.30 -0.20 -0.10  0.00  0.10  0.20  0.30  0.40  0.50  0.60  0.70  0.80  0.90  1.00  1.10  1.20  1.30  1.40  1.50  1.60  1.70  1.80  1.90  2.00  2.10  2.20  2.30  2.40  2.50 
RMIN  0 
NEXT  2  0.00  0.95  1.20 
RETA 25  0.00  0.10  0.20  0.30  0.40  0.50  0.60  0.70  0.80  0.90  1.00  1.10  1.20  1.30  1.40  1.50  1.60  1.70  1.80  1.90  2.00  2.10  2.20  2.30  2.40  2.50 
KRUN 32 273157 273729 274249 274334 274420 274967 274998 275072 275309 275369 275375 275833 275889 276096 276281 276362 276436 276501 276541 276585 276774 276810 276830 276869 276949 277086 277126 277179 278016 278238 278307 278405 278771 
FRUN  8 0.000 0.122 0.243 0.372 0.485 0.618 0.741 0.874 1.000 
0   0 T 0  0    0.00000   0.32106   1.00000
0   0 T 0  1    0.00000   0.32673   1.00000
0   0 T 0  2    0.00000   0.37295   1.00000
0   0 T 0  3    0.00000   0.42398   1.00000
0   0 T 0  4    0.00000   0.45568   1.00000
0   0 T 0  5    0.00000   0.47847   1.00000
0   0 T 0  6    0.00000   0.49914   1.00000
0   0 T 0  7    0.00000   0.53599   1.00000
0   0 T 0  8    0.00000   0.60477   1.00000
0   0 T 0  9    0.00000   0.68918   1.00000
0   0 T 0 10    0.00000   0.78829   1.00000
0   0 T 0 11    0.00000   0.88447   1.00000
0   0 T 0 12    0.00000   0.91643   1.00000
0   0 T 0 13    0.00000   0.93318   1.00000
0   0 T 0 14    0.00000   0.92866   1.00000
0   0 T 0 15    0.00000   0.84845   1.00000
0   0 T 0 16    0.00000   0.81903   1.00000
0   0 T 0 17    0.00000   0.77463   1.00000
0   0 T 0 18    0.00000   0.69866   1.00000
0   0 T 0 19    0.00000   0.56917   1.00000
0   0 T 0 20    0.00000   0.46896   1.00000
0   0 T 0 21    0.00000   0.36351   1.00000
0   0 T 0 22    0.00000   0.26296   1.00000
0   0 T 0 23    0.00000   1.00000   1.00000
0   0 T 0 24    0.00000   1.00000   1.00000
0   0 T 1  0    0.00000   0.31557   1.00000
0   0 T 1  1    0.00000   0.32043   1.00000
0   0 T 1  2    0.00000   0.36648   1.00000
0   0 T 1  3    0.00000   0.42530   1.00000
0   0 T 1  4    0.00000   0.45512   1.00000
0   0 T 1  5    0.00000   0.47295   1.00000
0   0 T 1  6    0.00000   0.49953   1.00000
0   0 T 1  7    0.00000   0.53253   1.00000
0   0 T 1  8    0.00000   0.61036   1.00000
0   0 T 1  9    0.00000   0.70201   1.00000
0   0 T 1 10    0.00000   0.79359   1.00000
0   0 T 1 11    0.00000   0.87915   1.00000
0   0 T 1 12    0.00000   0.91194   1.00000
0   0 T 1 13    0.00000   0.92702   1.00000
0   0 T 1 14    0.00000   0.92050   1.00000
0   0 T 1 15    0.00000   0.86777   1.00000
0   0 T 1 16    0.00000   0.82610   1.00000
0   0 T 1 17    0.00000   0.78341   1.00000
0   0 T 1 18    0.00000   0.69531   1.00000
0   0 T 1 19    0.00000   0.58983   1.00000
0   0 T 1 20    0.00000   0.46901   1.00000
0   0 T 1 21    0.00000   0.34868   1.00000
0   0 T 1 22    0.00000   0.25549   1.00000
0   0 T 1 23    0.00000   1.00000   1.00000
0   0 T 1 24    0.00000   1.00000   1.00000
0   0 R 0  0       0.003071       0.003566 
0   0 R 0  1       0.001021       0.003419 
0   0 R 0  2       0.001166       0.005092 
0   0 R 0  3       0.004889       0.005910 
0   0 R 0  4       0.001312       0.003473 
0   0 R 0  5       0.001539       0.004617 
0   0 R 0  6       0.004931       0.003157 
0   0 R 0  7       0.001806       0.001692 
0   0 R 0  8       0.001951       0.002558 
0   0 R 0  9       0.001749       0.006810 
0   0 R 0 10       0.001731       0.006531 
0   0 R 0 11       0.002196       0.003798 
0   0 R 0 12       0.007078       0.006279 
0   0 R 0 13       0.005724       0.008016 
0   0 R 0 14       0.006278       0.006190 
0   0 R 0 15       0.007639       0.001649 
0   0 R 0 16       0.009180       0.006734 
0   0 R 0 17       0.005258       0.006008 
0   0 R 0 18       0.008995       0.005803 
0   0 R 0 19       0.008411       0.008450 
0   0 R 0 20       0.003200       0.010008 
0   0 R 0 21       0.008219       0.008453 
0   0 R 0 22       0.003167       0.014230 
0   0 R 0 23       0.005038       0.005038 
0   0 R 0 24       0.030411       0.030411 
0   0 R 1  0      29.393859      17.358262 
0   0 R 1  1      84.567702      17.051350 
0   0 R 1  2      73.124980       8.120925 
0   0 R 1  3       3.486703      -0.230100 
0   0 R 1  4      74.688360      19.848846 
0   0 R 1  5      46.368251      12.984928 
0   0 R 1  6      -0.366782      20.549755 
0   0 R 1  7      48.164416      45.056890 
0   0 R 1  8      46.736629      29.496942 
0   0 R 1  9      50.322140       0.683601 
0   0 R 1 10      52.696712       0.000251 
0   0 R 1 11      55.905622      17.773769 
0   0 R 1 12       6.297687       8.741460 
0   0 R 1 13      11.801456      -0.176501 
0   0 R 1 14      13.089289      13.850804 
0   0 R 1 15      19.760225      88.068657 
0   0 R 1 16      14.616057      17.024994 
0   0 R 1 17      28.128306      21.044856 
0   0 R 1 18      13.614341      25.489830 
0   0 R 1 19      14.480645      14.771522 
0   0 R 1 20      47.222109      11.366867 
0   0 R 1 21      17.639802      15.934047 
0   0 R 1 22      48.442825       6.309000 
0   0 R 1 23      32.064746      32.064746 
0   0 R 1 24     127.534425     127.534425 
0   0 R 2  0      80.713295       0.523195 
0   0 R 2  1     240.568244       1.800009 
0   0 R 2  2     293.133996      64.550051 
0   0 R 2  3     168.987165      86.545411 
0   0 R 2  4     311.032294     -88.923863 
0   0 R 2  5     392.973243     158.483446 
0   0 R 2  6     189.803888      33.887786 
0   0 R 2  7     321.372918      21.601045 
0   0 R 2  8     299.185328      92.000460 
0   0 R 2  9     413.186040      96.652552 
0   0 R 2 10     525.643657     115.178416 
0   0 R 2 11     492.871140     291.030614 
0   0 R 2 12     211.571199     141.747703 
0   0 R 2 13     259.195137     143.852521 
0   0 R 2 14     249.077470     170.836616 
0   0 R 2 15     198.702836     553.245418 
0   0 R 2 16     178.838437     199.566002 
0   0 R 2 17     217.900168     149.495422 
0   0 R 2 18     147.091632      98.911260 
0   0 R 2 19     113.306237      61.050512 
0   0 R 2 20     245.803257      54.414126 
0   0 R 2 21      91.299123      42.102953 
0   0 R 2 22     236.499049      38.027861 
0   0 R 2 23      15.962839      15.962839 
0   0 R 2 24   29217.160828   29217.160828 
0   0 R 3  0       0.426682       5.326466 
0   0 R 3  1       0.790420       0.001297 
0   0 R 3  2      13.894964       2.100888 
0   0 R 3  3      11.237691       2.346532 
0   0 R 3  4       2.295556       6.900725 
0   0 R 3  5      14.912767      11.641629 
0   0 R 3  6      16.737783       0.808290 
0   0 R 3  7       7.690807       0.214907 
0   0 R 3  8       3.291292       2.491324 
0   0 R 3  9       9.611441       2.998039 
0   0 R 3 10      11.235113       4.595184 
0   0 R 3 11       8.844860      21.026074 
0   0 R 3 12      12.704265       3.771327 
0   0 R 3 13      15.339924      12.172791 
0   0 R 3 14      12.571719      36.917522 
0   0 R 3 15       7.436531       3.339585 
0   0 R 3 16      15.247420      19.033427 
0   0 R 3 17       2.737504      30.302219 
0   0 R 3 18      32.451310       0.029977 
0   0 R 3 19       6.037765       6.371701 
0   0 R 3 20       6.037745       6.762958 
0   0 R 3 21       0.062038       2.778237 
0   0 R 3 22       6.048917       0.250420 
0   0 R 3 23       6.923772       6.923772 
0   0 R 3 24      85.458398      85.458398 
0   0 R 4  0       1.597635       0.233533 
0   0 R 4  1       1.790767       3.417300 
0   0 R 4  2       0.443213       0.114192 
0   0 R 4  3      -0.243396      -0.059921 
0   0 R 4  4       1.123317      -0.074297 
0   0 R 4  5       0.189235      -0.505082 
0   0 R 4  6      -0.362488       2.511544 
0   0 R 4  7       0.443816       5.152507 
0   0 R 4  8       0.805771       0.646114 
0   0 R 4  9       0.467727      -0.002672 
0   0 R 4 10       0.402895      -0.045538 
0   0 R 4 11       0.476662      -0.320701 
0   0 R 4 12      -0.109571       0.152916 
0   0 R 4 13      -0.061069      -0.378114 
0   0 R 4 14      -0.012102      -0.500365 
0   0 R 4 15       0.187249       0.818571 
0   0 R 4 16      -0.109525      -0.232113 
0   0 R 4 17       0.860405      -0.279218 
0   0 R 4 18      -0.386971       2.682501 
0   0 R 4 19       0.515346       3.533125 
0   0 R 4 20       5.651842       3.715162 
0   0 R 4 21       2.510951       7.828029 
0   0 R 4 22       7.107448       4.659060 
0   0 R 4 23       4.946745       4.946745 
0   0 R 4 24      -1.806175      -1.806175 
0   0 R 6  0       0.860079       0.920701 
0   0 R 6  1       0.890707       0.929456 
0   0 R 6  2       0.892024       0.910698 
0   0 R 6  3       0.872794       0.879153 
0   0 R 6  4       0.822413       0.842760 
0   0 R 6  5       0.853961       0.866647 
0   0 R 6  6       0.857122       0.859635 
0   0 R 6  7       0.853641       0.852837 
0   0 R 6  8       0.882559       0.860311 
0   0 R 6  9       0.915884       0.863749 
0   0 R 6 10       0.930220       0.887568 
0   0 R 6 11       0.924072       0.907248 
0   0 R 6 12       0.942168       0.904644 
0   0 R 6 13       0.953824       0.913220 
0   0 R 6 14       0.940202       0.961074 
0   0 R 6 15       0.954910       0.972764 
0   0 R 6 16       0.940860       0.910663 
0   0 R 6 17       0.950075       0.915822 
0   0 R 6 18       0.968499       0.928211 
0   0 R 6 19       0.994131       0.960138 
0   0 R 6 20       0.986729       0.957361 
0   0 R 6 21       0.993842       0.979149 
0   0 R 6 22       1.017151       0.988546 
0   0 R 6 23       1.013336       1.013336 
0   0 R 6 24       1.021812       1.021812 
0   0 R 7  0       1.002298       1.071142 
0   0 R 7  1       1.089788       1.144546 
0   0 R 7  2       1.015929       1.001329 
0   0 R 7  3       0.963642       0.888854 
0   0 R 7  4       0.821457       0.765546 
0   0 R 7  5       0.915061       0.823076 
0   0 R 7  6       0.929437       0.801689 
0   0 R 7  7       0.932049       0.838882 
0   0 R 7  8       1.011621       0.887106 
0   0 R 7  9       1.135549       0.965264 
0   0 R 7 10       1.142021       0.987816 
0   0 R 7 11       1.080429       1.047787 
0   0 R 7 12       1.181079       1.085181 
0   0 R 7 13       1.186191       0.979271 
0   0 R 7 14       1.174307       1.393885 
0   0 R 7 15       1.241064       1.315106 
0   0 R 7 16       1.212295       1.139998 
0   0 R 7 17       1.288347       1.102231 
0   0 R 7 18       1.373458       1.158134 
0   0 R 7 19       1.589473       1.266345 
0   0 R 7 20       1.535112       1.281035 
0   0 R 7 21       1.619540       1.384375 
0   0 R 7 22       1.831215       1.581151 
0   0 R 7 23       1.686324       1.686324 
0   0 R 7 24       2.379744       2.379744 
0   0 R 8  0       3.693842       4.770104 
0   0 R 8  1       4.615002       4.430610 
0   0 R 8  2       6.308670       6.116889 
0   0 R 8  3       6.935925       7.472565 
0   0 R 8  4       5.742734       7.774279 
0   0 R 8  5       9.002393       9.189945 
0   0 R 8  6       9.168979      10.365626 
0   0 R 8  7       5.660980       6.844296 
0   0 R 8  8       5.929756       6.691313 
0   0 R 8  9       5.144090       5.115948 
0   0 R 8 10       7.282456       6.945790 
0   0 R 8 11       7.399260       6.663889 
0   0 R 8 12       7.458226       5.655304 
0   0 R 8 13      10.495101      11.453332 
0   0 R 8 14       5.276087       2.685857 
0   0 R 8 15       4.248645       3.329437 
0   0 R 8 16       7.120949       6.054994 
0   0 R 8 17       4.964532       5.377130 
0   0 R 8 18       5.164544       8.375908 
0   0 R 8 19       4.558815       9.973813 
0   0 R 8 20       4.006066       7.331420 
0   0 R 8 21       3.715792       7.872830 
0   0 R 8 22       3.419365       5.410062 
0   0 R 8 23       4.673319       4.673319 
0   0 R 8 24       2.449616       2.449616 
0   0 R 9  0       1.494970       1.995634 
0   0 R 9  1       1.507567       2.042657 
0   0 R 9  2       1.615106       2.071286 
0   0 R 9  3       1.679323       2.066531 
0   0 R 9  4       1.687331       2.020915 
0   0 R 9  5       1.605069       2.031564 
0   0 R 9  6       1.565318       1.964385 
0   0 R 9  7       1.643656       1.966161 
0   0 R 9  8       1.731474       2.084642 
0   0 R 9  9       1.868745       2.284396 
0   0 R 9 10       1.985443       2.601247 
0   0 R 9 11       2.133204       2.651231 
0   0 R 9 12       2.223428       2.762794 
0   0 R 9 13       2.248743       2.598276 
0   0 R 9 14       2.551873       2.227165 
0   0 R 9 15       2.121374       2.743576 
0   0 R 9 16       2.687237       2.681736 
0   0 R 9 17       2.535578       3.141373 
0   0 R 9 18       2.524273       2.910263 
0   0 R 9 19       2.448770       2.936195 
0   0 R 9 20       2.450959       2.890392 
0   0 R 9 21       2.337209       2.944628 
0   0 R 9 22       2.356493       2.890716 
0   0 R 9 23       2.451001       2.451001 
0   0 R 9 24       3.000326       3.000326 
0   0 R 10  0       5.097555       5.249092 
0   0 R 10  1       4.928638       5.065709 
0   0 R 10  2       4.716646       4.956906 
0   0 R 10  3       4.757225       4.988968 
0   0 R 10  4       4.885933       5.260572 
0   0 R 10  5       5.304508       4.909353 
0   0 R 10  6       5.598887       5.320807 
0   0 R 10  7       5.265605       5.265660 
0   0 R 10  8       5.163133       5.095811 
0   0 R 10  9       5.234487       4.250756 
0   0 R 10 10       5.129310       3.115574 
0   0 R 10 11       5.117414       2.964671 
0   0 R 10 12       4.687144       2.809245 
0   0 R 10 13       4.499438       3.183746 
0   0 R 10 14       3.275625       5.993531 
0   0 R 10 15       6.415742       2.671738 
0   0 R 10 16       2.802635       7.015678 
0   0 R 10 17       2.774475       1.938024 
0   0 R 10 18       2.575301       2.814103 
0   0 R 10 19       2.783083       3.251411 
0   0 R 10 20       2.327754       2.716584 
0   0 R 10 21       2.493639       2.391745 
0   0 R 10 22       2.555057       2.819541 
0   0 R 10 23       3.076966       3.076966 
0   0 R 10 24       1.770585       1.770585 
0   0 C 0  0 -0.07337  0.38393  1.42610  1.18488 -0.41612 -0.55225  0.30829 -1.63305  0.91525  1.01455  0.41667  1.04355  0.24352  0.17281 -1.10423  0.15815
0   0 C 0  1  0.07010  0.14088  0.38634  1.04435 -0.05973  0.27587 -0.10596  0.49172 -0.35290 -0.80822  0.01795  0.27648  0.72058 -0.76357  0.73911  0.07311
0   0 C 0  2  0.48874  0.07293  0.81483  0.87774  0.92039 -0.22396 -0.06623  0.52715  0.58555  0.46095  1.20801  0.81959  0.85548  0.99905  0.41023  0.50035
0   0 C 0  3  0.53714  0.77374  0.57068  0.91943  0.77900  0.10987 -0.10268  0.09816  0.30095  0.30592  0.50581  0.59262  0.02040  0.44285  0.48164  0.06137
0   0 C 0  4  0.08389  1.38822  1.03508  0.92439 -0.15655  0.53521  0.16464 -0.01083  0.28461  0.74451  0.49800  0.33876  0.13922  0.28003  0.12195 -0.30695
0   0 C 0  5  0.60735  0.66664  0.13456 -0.56016 -0.06536 -0.22619  0.15844  0.14153  0.34306  0.31826  0.18262  0.01771  0.33038 -0.05219 -0.35018 -0.70782
0   0 C 0  6  0.69731  0.37333  0.45726  0.57716  0.24723  0.26195  0.37959 -0.12741  0.47011  0.71738  0.44703  0.17843  0.78209  0.57361  0.06515  0.06735
0   0 C 0  7  0.21315  0.26658  0.13322  0.36865 -0.05732 -0.09395 -0.08122 -0.47939  0.03263 -0.10168 -0.11992  0.10776  0.35026  0.09101 -0.05779  0.09487
0   0 C 0  8  0.78486  0.68829  0.54264  0.11845  0.79696  0.11703  1.20024  0.20050  0.25045  1.10058  0.40426  0.56684  1.25062  0.33089  0.83803  0.12184
0   0 C 0  9  0.12498 -0.90999  0.12590 -1.48899 -0.36719 -1.33968 -0.49464 -0.38088 -0.27062  0.53604  0.82429 -1.13069  0.39313 -0.20359 -0.09502 -0.55012
0   0 C 0 10  1.62724 -0.00535  0.86074  0.22539  0.59337  0.38080  0.85991  0.48869  1.05934  0.11962  0.86192  0.10588  0.40403  0.54761  1.04291  1.22678
0   0 C 0 11  0.83230  0.22951  0.35847 -0.24908  0.30423  0.23926  0.73944  0.31998  0.59011 -0.15179  0.59311 -0.01422  0.55076  0.48170  0.69270  0.26237
0   0 C 0 12  0.54652  0.32736  0.31124 -0.05078  0.61236  0.15974  0.38206 -0.14392  0.03394 -0.39735  0.33697 -0.12901  0.42669  0.10027  0.21355 -0.18182
0   0 C 0 13  0.13765 -0.33685  0.01186 -0.04812  0.89226  0.42180  0.18697 -0.01823  0.08096 -0.40386  0.07047 -0.29681  0.35563  0.23072 -0.02967  0.01268
0   0 C 0 14  0.16276 -0.21743  0.00954  0.02155  0.40089  0.23881  0.10160 -0.00337  0.00331 -0.32425  0.13321 -0.03749  0.15460  0.10800  0.18144 -0.00706
0   0 C 0 15  0.07399 -0.03842 -0.23296  0.07895  0.14477  0.22628 -0.09687 -0.03619  0.07778 -0.07028  0.03681  0.17129  0.19925  0.60926  0.03269  0.51464
0   0 C 0 16 -0.17549 -0.22892 -0.27513  0.58176  0.06352 -0.08805 -0.23322 -0.26161 -0.22571 -0.06897 -0.04832 -0.11466 -0.12687  0.27898 -0.09251  0.02857
0   0 C 0 17 -0.03040  0.01084  0.42965  0.31354  0.04325  0.28828  0.26979 -0.00275 -0.07310  0.02023  0.10500  0.02279 -0.00827  0.26676  0.07371  0.02702
0   0 C 0 18  0.10137 -0.01104  0.16029  0.13618  0.09734  0.06343  0.08311 -0.05715 -0.02501  0.20458  0.12509  0.02330  0.05377  0.11979 -0.00770  0.04303
0   0 C 0 19  0.03109  0.04426  0.14876  0.10258  0.06792  0.13245 -0.02359 -0.13934 -0.06344  0.07035  0.03977 -0.12260 -0.10840 -0.02466  0.14644  0.06157
0   0 C 0 20  0.11670  0.00189 -0.02653  0.14353  0.15427  0.11392 -0.05287 -0.02203 -0.05013  0.00496  0.05505  0.05782  0.04796  0.23029  0.22905  0.33097
0   0 C 0 21  0.07374 -0.07454 -0.07524  0.06348  0.29535  0.20631 -0.09255  0.07279  0.16919 -0.03876 -0.11456  0.01832 -0.17540  0.15189 -0.01555  0.09955
0   0 C 0 22  0.06356 -0.01582 -0.12844  0.01406  0.18647  0.08994 -0.08351 -0.01530  0.28019  0.08818  0.10433 -0.01485 -0.07550  0.15556 -0.07700 -0.01614
0   0 C 0 23 -0.01129  0.08480 -0.10555 -0.01836 -0.06749  0.02763  0.07210 -0.01264 -0.05869  0.25065 -0.05322 -0.05845 -0.17443 -0.00350 -0.16295  0.07563
0   0 C 0 24 -0.00680 -0.13829 -0.09137  0.12225  0.09878  0.01518  0.01558 -0.03722 -0.09653  0.08007  0.29745 -0.02086 -0.29476 -0.00592 -0.00290  0.12696
0   0 C 0 25 -0.06561  0.02566 -0.17514 -0.15970 -0.04648 -0.06197  0.03864 -0.10775 -0.06637 -0.07720  0.09158 -0.09358  0.20366 -0.13480 -0.06170 -0.10985
0   0 C 0 26 -0.02678 -0.01792 -0.20846 -0.17443 -0.21188 -0.08182  0.04070  0.03759 -0.02329 -0.05365  0.14867 -0.02032  0.34310 -0.13629  0.02634 -0.10155
0   0 C 0 27  0.05978  0.01875  0.01098 -0.10696  0.09967  0.06200  0.12976  0.06281 -0.00983 -0.03166  0.20705  0.08780  0.16486 -0.05189 -0.12565 -0.02077
0   0 C 0 28 -0.00715  0.09557 -0.00434 -0.09304 -0.04865  0.14566  0.02849  0.13276  0.00069 -0.06443  0.16339  0.02160  0.26716 -0.07151 -0.04906 -0.03409
0   0 C 0 29 -0.06386 -0.03251 -0.04339 -0.02891 -0.22446  0.00144 -0.02092  0.04583 -0.13040  0.02185  0.07393 -0.08698  0.08737 -0.15185 -0.22765 -0.19346
0   0 C 0 30 -0.09763 -0.06789 -0.01119 -0.07235 -0.14822  0.10674 -0.09777  0.16576 -0.12149 -0.12225  0.05184  0.00764 -0.04382 -0.18152 -0.26006 -0.19568
0   0 C 0 31 -0.01159  0.06587  0.10435 -0.10812 -0.15000  0.08264 -0.02932  0.06823 -0.02203 -0.06442  0.24686 -0.02527 -0.03743 -0.14223 -0.15212 -0.18105
0   0 C 0 32 -0.07602  0.15810  0.24926  0.26603 -0.03441  0.00358  0.21803  0.13912  0.06930 -0.05828  0.09423  0.04874  0.14341 -0.09496 -0.20997 -0.18489
0   0 C 0 33 -0.06221 -0.08288 -0.15442  0.03306 -0.23949 -0.21783  0.09551  0.11463 -0.18905 -0.16609 -0.01941  0.06421  0.40023 -0.30161 -0.06077 -0.12023
0   0 C 0 34 -0.03561  0.14429 -0.02945  0.08425 -0.12522 -0.03233  0.02795  0.11381 -0.10675  0.07324  0.23683  0.18391  0.60195 -0.14136 -0.03382  0.39792
0   0 C 0 35  0.53488  0.24821  0.03279  0.40523 -0.13397  0.35156 -0.00023  0.34733  0.02031  0.37840  0.08710  0.34387  0.21273  0.15742 -0.09715  0.38083
0   0 C 0 36  0.00994  0.12811 -0.12412  0.50423 -0.15301  0.29215 -0.11088  0.30340  0.10405  0.13237  0.18679  0.25757  0.18709  0.17315 -0.15050  0.12769
0   0 C 0 37 -0.26363  0.44466  0.00995  0.14580 -0.36430  0.40937  0.79024  0.74076 -0.10378  0.27882  0.22418  0.29198  0.01888  0.21734 -0.16634 -0.05301
0   0 C 0 38 -0.05827  0.68951 -0.03026 -0.04656 -0.43434  0.16195  0.06969  0.79955 -0.13955  0.41357  0.08917  0.20962  0.09430  0.27559 -0.17134  0.43855
0   0 C 0 39  0.43842  1.78245 -0.04857  0.04826 -0.35985  0.28977  0.06564  2.56056  0.51126  0.42438 -0.12142  0.21523 -0.36611  0.21947  0.70555  0.97913
0   0 C 0 40  0.37999 -0.23292 -0.72875  0.03885  0.10249 -0.16157 -1.51419  0.07270 -1.01787 -0.43065 -1.19735 -0.52245 -1.58603 -0.19642 -0.75605  0.04014
0   0 C 0 41  0.35608  0.66217 -0.06857  0.40439  0.11240  0.45090  1.37029  0.38750 -0.01773  0.87522  0.06920  0.84876  0.37454  0.39372  0.48587  0.21947
0   0 C 0 42 -0.45980 -0.55032  0.86976  0.10565 -0.25594 -0.08668  1.35187 -0.17045 -0.14907  0.28617  0.74648 -0.14505 -0.44198 -0.09506 -0.13376 -0.01390
0   0 C 0 43 -0.38329  0.61478  0.70522  0.17647  0.01664  0.06916  0.06853  0.72935 -0.29965  0.70295  0.08355 -0.22172  0.06967  0.48631  0.74239  0.56038
0   0 C 0 44 -0.19398 -0.03499  0.08455 -0.10850 -0.29386  0.00653  0.03188  0.42895 -0.17904  0.02787 -0.22014  0.08001  0.05030 -0.08529 -0.09285  0.15768
0   0 C 0 45 -0.28214 -0.40864  0.08535  0.21822  0.00733 -0.06862  0.09291  0.16261  0.76106 -0.09730  0.25693  0.79278  0.25348  0.04447  0.08067  0.40745
0   0 C 0 46 -0.16588  0.09233  0.18094  0.07124  0.86849 -0.37459  0.12518  0.01315  0.35340 -0.05183 -0.13306  0.43630 -0.01446  0.13725  0.34881  0.95317
0   0 C 0 47  0.48095  0.09798  0.39705  0.41203  0.19541  0.20050  0.59169  0.11575  0.22206  0.16930  0.49816  0.19309  0.98803  0.17155 -0.32932  0.33379
0   0 C 0 48  0.42572 -0.58730 -0.04993  0.58499 -0.39951 -0.02581  0.05494 -0.58438  0.22536  0.33601 -0.15420 -0.56207  0.34353  0.18668 -0.24259  0.01181
0   0 C 0 49  1.80477 -1.29060  0.48591 -0.82580  0.47920 -1.32164  0.05277  0.97331  0.10071  0.45720  0.06675  0.18771  0.33980  0.36524  1.52465 -0.14833
0   0 S 0 0  0  -0.08382  -0.02986
0   0 S 0 0  1  -0.12477   0.01989
0   0 S 0 0  2  -0.13789  -0.15134
0   0 S 0 0  3  -0.11656  -0.07790
0   0 S 0 0  4   0.02066  -0.02861
0   0 S 0 0  5  -0.17380  -0.01159
0   0 S 0 0  6  -0.13517  -0.01072
0   0 S 0 0  7  -0.00743   0.01594
0   0 S 0 0  8   0.05421   0.03745
0   0 S 0 0  9  -0.04699  -0.17877
0   0 S 0 0 10  -0.27621  -0.17403
0   0 S 0 0 11  -0.07458  -0.08203
0   0 S 0 0 12  -0.22496   0.01459
0   0 S 0 0 13  -0.35234  -0.06721
0   0 S 0 0 14  -0.58300   0.30045
0   0 S 0 0 15   0.57484   0.46125
0   0 S 0 0 16  -0.06344  -0.20836
0   0 S 0 0 17  -0.00488  -0.13528
0   0 S 0 0 18  -0.03181  -0.10208
0   0 S 0 0 19   0.25673   0.02631
0   0 S 0 0 20   0.00274  -0.29275
0   0 S 0 0 21   0.00143  -0.28797
0   0 S 0 0 22   0.12226  -0.35809
0   0 S 0 0 23  -0.03896  -0.03896
0   0 S 0 0 24  -0.13759  -0.13759
0   0 S 0 1  0   0.03286   0.01354
0   0 S 0 1  1   0.04332  -0.00527
0   0 S 0 1  2   0.06533   0.05530
0   0 S 0 1  3   0.05852   0.02205
0   0 S 0 1  4   0.01740  -0.01146
0   0 S 0 1  5   0.08335  -0.00945
0   0 S 0 1  6   0.06831  -0.01006
0   0 S 0 1  7   0.01825  -0.02375
0   0 S 0 1  8  -0.00419  -0.04463
0   0 S 0 1  9   0.04476   0.01453
0   0 S 0 1 10   0.12386   0.02796
0   0 S 0 1 11   0.04131  -0.04869
0   0 S 0 1 12   0.09791  -0.05315
0   0 S 0 1 13   0.15329  -0.05521
0   0 S 0 1 14   0.23310  -0.05846
0   0 S 0 1 15  -0.24313  -0.17203
0   0 S 0 1 16   0.04297   0.02539
0   0 S 0 1 17   0.00318   0.04877
0   0 S 0 1 18   0.02194   0.02018
0   0 S 0 1 19  -0.09563  -0.01718
0   0 S 0 1 20   0.03885   0.08353
0   0 S 0 1 21   0.06997   0.07338
0   0 S 0 1 22   0.05261   0.10463
0   0 S 0 1 23   0.01548   0.01548
0   0 S 0 1 24   0.05432   0.05432
0   0 S 0 2  0  -0.00000  -0.00000
0   0 S 0 2  1  -0.00000  -0.00000
0   0 S 0 2  2  -0.00000  -0.00000
0   0 S 0 2  3  -0.00000  -0.00000
0   0 S 0 2  4  -0.00000  -0.00000
0   0 S 0 2  5  -0.00000  -0.00000
0   0 S 0 2  6  -0.00000  -0.00000
0   0 S 0 2  7  -0.00000  -0.00000
0   0 S 0 2  8  -0.00000  -0.00000
0   0 S 0 2  9  -0.00000  -0.00000
0   0 S 0 2 10  -0.00000  -0.00000
0   0 S 0 2 11  -0.00000  -0.00000
0   0 S 0 2 12  -0.00000  -0.00000
0   0 S 0 2 13  -0.00000  -0.00000
0   0 S 0 2 14  -0.00000  -0.00000
0   0 S 0 2 15  -0.00000  -0.00000
0   0 S 0 2 16  -0.00000  -0.00000
0   0 S 0 2 17  -0.00000  -0.00000
0   0 S 0 2 18  -0.00000  -0.00000
0   0 S 0 2 19  -0.00000  -0.00000
0   0 S 0 2 20  -0.00000  -0.00000
0   0 S 0 2 21  -0.00000  -0.00000
0   0 S 0 2 22  -0.00000  -0.00000
0   0 S 0 2 23  -0.00000  -0.00000
0   0 S 0 2 24  -0.00000  -0.00000
0   0 K  0 -0.03708 -0.14661 -0.13826 -0.18829 -0.17447 -0.02353 -0.06412 -0.10249 -0.14126 -0.01531 -0.03047 -0.08698 -0.02622 -0.12015 -0.05814 -0.03642  0.03922 -0.00966  0.04578 -0.04823  0.00613 -0.00542 -0.04042  0.01965  0.05818 -0.06339  0.02043  0.01861 -0.13166 -0.11953 -0.00701  0.05721
0   0 K  1  0.00754 -0.06353 -0.06181 -0.05679 -0.16291 -0.00905  0.00239 -0.06499 -0.03050 -0.02891 -0.04590  0.06364  0.00136 -0.05216  0.07294  0.08422  0.02716  0.11163  0.08347  0.12967  0.10445  0.11181  0.06454  0.10592  0.00828  0.19219  0.04655  0.07604 -0.08286 -0.07701  0.00842  0.10420
0   0 K  2  0.08132 -0.02529 -0.01059 -0.03878  0.02179 -0.11692 -0.04673  0.02934 -0.02140  0.04559  0.03295  0.08338  0.04570 -0.01427  0.10716  0.01775  0.08291  0.01391  0.08497  0.16215  0.20089  0.13906  0.14307  0.19453  0.09628  0.12023  0.12884  0.15839 -0.01829  0.08248  0.09799  0.14190
0   0 K  3  0.17215 -0.06311 -0.05043 -0.00849 -0.02483 -0.00750  0.02896  0.00647  0.05337 -0.07820  0.04218  0.08865  0.10531 -0.03623  0.00684  0.19714  0.07084  0.11979  0.10958  0.12789  0.11826  0.23663  0.11052  0.10668  0.08292  0.08034  0.10771  0.12592  0.08094  0.04484  0.05992  0.18385
0   0 K  4  0.08520 -0.01998  0.11760  0.04043  0.08405  0.06648 -0.01304  0.01507  0.09419  0.09084  0.06692  0.15367  0.09851  0.06901  0.10492  0.08757  0.14368  0.17491  0.20780  0.11995  0.10697  0.05304  0.11045  0.20774  0.14367  0.11667  0.14063  0.19782  0.12002  0.10197  0.10149  0.19265
0   0 K  5  0.15442 -0.01834 -0.05897 -0.03751 -0.03514  0.05992 -0.00271  0.14477 -0.01419  0.01512  0.02503  0.00358  0.12640 -0.01486  0.07214  0.13358  0.16289  0.10686  0.14703  0.14903  0.14379  0.17425  0.13714  0.04652  0.08929  0.10858  0.15122  0.15823  0.09287 -0.01475  0.05305  0.09598
0   0 K  6  0.18386  0.22052  0.13437  0.19253  0.11593  0.15733  0.23482  0.21139  0.30915  0.18082  0.24806  0.29483  0.18241  0.28027  0.36400  0.15253  0.37159  0.25027  0.26687  0.25528  0.35601  0.21736  0.31401  0.36785  0.31437  0.25140  0.24879  0.26196  0.20295  0.25002  0.19634  0.30528
0   0 K  7  0.19439  0.09366  0.13309  0.17586  0.15900  0.24595  0.14358  0.22645  0.22480  0.13320  0.19574  0.21016  0.36157  0.18471  0.31746  0.21153  0.30658  0.32438  0.24571  0.32617  0.22432  0.34620  0.33006  0.26568  0.26960  0.32222  0.24684  0.28020  0.16920  0.17670  0.24707  0.29479
0   0 K  8  0.24207  0.10041  0.19335  0.10229 -0.01826  0.14496  0.18944  0.09747  0.16683  0.03582  0.17224  0.23008  0.25801  0.19854  0.27143  0.13600  0.26782  0.27511  0.12320  0.35622  0.32440  0.08694  0.13819  0.11276  0.17327  0.17972  0.28757  0.10868  0.11931  0.09265  0.16745  0.22143
0   0 K  9  0.38320  0.23736  0.32449  0.28408  0.22467  0.48421  0.38140  0.32893  0.41864  0.43582  0.40884  0.43158  0.47383  0.31205  0.45848  0.48374  0.58395  0.45527  0.48830  0.44787  0.43530  0.42408  0.41358  0.45766  0.31532  0.53226  0.32750  0.39711  0.28524  0.21999  0.29939  0.46847
0   0 K 10  0.69828  0.51523  0.50540  0.45197  0.55068  0.71050  0.70455  0.53626  0.65999  0.55732  0.72951  0.72005  0.71036  0.53111  0.71490  0.76646  0.69413  0.70178  0.66191  0.70388  0.72508  0.73777  0.68969  0.67091  0.66919  0.60460  0.63680  0.69284  0.56104  0.60251  0.53734  0.68693
0   0 K 11  0.56303  0.56178  0.48547  0.50822  0.46055  0.66436  0.70737  0.48718  0.64928  0.57674  0.59282  0.69993  0.80543  0.66591  0.73293  0.69470  0.65399  0.73009  0.62990  0.76497  0.74697  0.65176  0.72765  0.68668  0.77611  0.72471  0.66884  0.67224  0.75242  0.56505  0.78718  0.63338
0   0 K 12  0.73885  0.54931  0.48937  0.52633  0.51399  0.79770  0.60082  0.53304  0.59979  0.77247  0.63046  0.71436  0.69390  0.55041  0.78345  0.75403  0.68029  0.81076  0.65595  0.76381  0.92444  0.83317  0.83896  0.78224  0.77398  0.84732  0.79177  0.89376  0.67101  0.74075  0.53405  0.80056
0   0 K 13  1.18951  1.10702  0.85668  0.99261  0.80904  0.79991  1.12004  1.08532  1.01325  1.09271  1.17922  1.17314  1.23121  0.96174  1.30517  1.39088  1.14651  1.15401  1.17475  1.09086  1.15238  1.23584  1.27216  1.23882  1.19735  1.17763  1.16615  1.17016  1.10693  1.14003  1.14988  1.09674
0   0 K 14  1.54259  1.30320  1.29240  1.24105  1.18693  1.50772  1.62682  1.31892  1.30882  1.28345  1.57488  1.48276  1.59612  1.36270  1.73206  1.66371  1.66508  1.56085  1.66304  1.68298  1.64533  1.63591  1.85444  1.56020  1.52802  1.78942  1.55266  1.84742  1.43126  1.45942  1.41928  1.54883
0   0 K 15  0.12541  0.15978  0.28815  0.15031 -0.10226  0.11730  0.28759  0.37806  0.09519  0.14955  0.12867  0.84705  0.78170  0.53348  0.70292  0.79538  0.46876  0.82160  0.76086  0.65883  0.76375  0.85561  0.61087  0.66558  0.87446  0.77816  0.99085  0.52636  0.36152  0.60834  0.56222  0.28785
0   0 K 16  1.30797  1.25513  1.53713  1.29823  1.35529  1.39463  1.29926  1.26105  1.33908  1.19390  1.42310  1.72695  1.85179  1.89962  1.82016  1.66227  1.90890  1.78773  1.82834  1.58933  1.85696  1.79115  1.81223  1.73597  1.84286  1.99213  1.97388  1.54885  1.77124  1.66781  1.74344  1.88871
0   0 K 17  0.50019  0.54438  0.65163  0.44583  0.42277  0.70054  0.48525  0.58547  0.48086  0.61058  0.67797  1.11281  1.22755  1.05966  1.19952  1.35051  1.19936  1.08591  1.10320  0.99450  1.08545  1.24627  0.89243  1.21094  1.16443  1.16367  1.00543  1.12576  0.86208  1.20747  1.02361  1.18721
0   0 K 18  1.32187  1.34439  1.29007  1.38252  1.37139  1.40420  1.28215  1.10518  1.34039  1.38038  1.47313  1.83776  1.78283  1.65837  1.74617  1.87167  1.72249  1.82629  1.77194  1.69350  1.73366  1.66535  1.78622  1.62832  1.83015  1.77037  1.88763  1.87696  1.82866  1.87716  1.74895  1.94462
0   0 K 19  0.70361  0.60999  0.61616  0.68493  0.64774  0.51843  0.59706  0.42011  0.61138  0.29677  0.77122  1.18328  1.22447  1.13103  1.05149  1.15779  1.05435  1.05162  0.92169  1.02429  0.98953  1.18135  1.12266  1.20337  1.02542  1.22632  1.18350  1.27298  1.02591  1.18163  1.01740  1.12502
0   0 K 20  0.79535  0.56778  0.35467  0.42207  0.44722  0.63940  0.39993  0.31195  0.32118  0.20887  0.55161  1.11787  1.17053  0.97930  0.86986  0.89357  0.98458  0.90188  0.88330  0.94921  0.99236  0.94366  1.00706  0.94792  0.94378  0.95298  1.12285  0.85403  1.00770  0.86248  0.92691  0.92057
0   0 K 21  0.95669  0.68875  0.46521  0.21433  0.11686  0.30740  0.14355  0.38586  0.10199  0.03400  0.34662  1.06271  1.14268  1.00858  0.81899  0.85481  0.82616  0.85614  0.95833  0.81718  0.93712  1.00028  0.82056  0.86489  0.84794  1.04050  0.87211  0.77073  0.86798  0.96038  0.77916  0.64859
0   0 K 22  1.27421  1.14955  0.75202  0.57460  0.40313  0.43036  0.40410  0.34018  0.29854  0.52455  0.74142  1.47756  1.62079  1.25932  1.04428  0.92333  0.97100  1.00747  1.00017  1.09425  0.97709  0.99711  0.91584  1.09653  1.02414  1.22483  1.02791  1.18978  1.35977  0.97207  0.99001  0.96539
0   0 K 23  0.24465  0.12568 -0.20139 -0.23653 -0.39504 -0.30535 -0.33524 -0.39526 -0.38264 -0.78286 -0.10550  0.40895  0.58176  0.31488  0.01441  0.05535  0.02223  0.11251  0.20608  0.22107  0.21711  0.31928  0.08174  0.34891  0.36881  0.14067  0.26401  0.73921  0.57477  0.27687  0.07650  0.23928
0   0 K 24  0.46613  0.23542  0.11323  0.05499  0.26300  0.05864  0.11273 -0.05870  0.22501  0.08900  0.22801  0.76236  0.66307  0.10760  0.01854  0.05129  0.15503  0.20530  0.34731  0.61742  0.58310  0.67811  0.72768  0.58006  0.61971  0.83444  0.71066  1.01926  0.56496  0.48118  0.43183  0.61828
0   0 C 1  0  0.73475 -0.22170 -0.74883 -0.35666 -0.75085 -0.37116 -0.02996  0.33439  0.17970  0.25520  0.03314  0.34524  0.12300  0.37723  0.20614  0.54197
0   0 C 1  1  0.39263 -0.27865 -0.73911 -0.10825 -0.77002 -0.55601  0.04295  0.30542  0.91702  0.51278 -0.35861  0.24874  0.20957 -0.17377 -0.15872  0.56691
0   0 C 1  2  0.38893  0.15522 -0.20687 -0.11832 -0.11753  0.19189  0.06826  0.12063  0.59075  0.52736  0.33584  0.52900  0.33479  0.32322 -0.07189  0.63256
0   0 C 1  3 -0.09377 -0.42499  0.15919  0.52556 -0.19407  0.09969  0.38142  0.40976 -0.06968  0.07416  0.25936  0.99649  0.64373  0.33697  0.18575  0.59288
0   0 C 1  4  0.52198  0.30434 -0.25774 -0.03821  0.74139  0.14699  0.04755  0.29228  0.42719  0.53912  0.11914  0.71265  0.99365  0.31653 -0.07940  0.08932
0   0 C 1  5  0.02382 -0.36399  0.29913  0.29308  0.13434  0.32300  0.26063  0.11564 -0.32830  0.13080  0.14560  0.41186  0.40743  0.28750  0.04651 -0.18649
0   0 C 1  6  0.25412  0.59815 -0.04924  0.09741  0.21711  0.67152  0.06494  0.18515  0.10438  0.21731  0.09736  0.11709  0.21788  0.50587 -0.20966 -0.34313
0   0 C 1  7  0.12250  0.03448 -0.19575 -0.15118 -0.02965  0.08312  0.09710  0.25103 -0.26603  0.11202 -0.15158 -0.11444  0.05503  0.27552  1.02944 -0.06181
0   0 C 1  8  0.22339  0.18452  0.13431  0.23921 -0.18185  0.04335  0.03317 -0.13257 -0.28920 -0.18976  0.05544 -0.20433 -0.23466  0.30418  0.85412  0.34204
0   0 C 1  9  0.29225  0.40850  0.50762  0.26629  0.80349 -0.28786  0.18512 -0.08642 -0.69758 -0.55337  0.34221 -0.50556 -0.34066 -0.02392  0.19708 -0.17229
0   0 C 1 10  0.82803 -0.00499 -0.26390  0.21726  0.04672 -0.35453  0.51923 -0.24659  0.25094  0.05554 -0.04356 -0.03086  0.09689 -0.29739  0.36078  0.41057
0   0 C 1 11  0.16022  0.37208 -0.14728  0.05711  0.13088 -0.26666  0.53592  0.04242  0.21941  0.09701  0.00876  0.22793  0.38477 -0.03717  0.44193  0.04538
0   0 C 1 12 -0.32258 -0.01535 -0.16896  0.16281  0.14742 -0.17151  0.09762 -0.34245 -0.21694 -0.21612 -0.31044  0.00551  0.08034 -0.24727  0.10481 -0.20439
0   0 C 1 13 -0.24576 -0.16038 -0.14910 -0.03010  0.17442  0.04221  0.00738 -0.15361 -0.18375 -0.14835 -0.36999 -0.01273  0.01805 -0.00495  0.02637 -0.10174
0   0 C 1 14 -0.15299 -0.09412 -0.22952 -0.03666 -0.11285 -0.24462 -0.03072 -0.06702 -0.13559 -0.20134 -0.21588 -0.11550  0.00742 -0.16831  0.09339 -0.24629
0   0 C 1 15 -0.17743 -0.10811 -0.29259 -0.39209 -0.27328 -0.27236 -0.02277  0.02253 -0.14965 -0.15473 -0.00676 -0.10373 -0.11541  0.13323 -0.05277 -0.09037
0   0 C 1 16  0.00622 -0.12100 -0.08852  0.14045 -0.03871 -0.20796 -0.02307 -0.08210 -0.06800  0.01590  0.14816  0.03957  0.06940 -0.02713  0.15640 -0.06342
0   0 C 1 17 -0.09484 -0.07215  0.11057  0.00759 -0.14378 -0.02446 -0.10480 -0.11714 -0.13617 -0.14893  0.02690 -0.12719 -0.15661  0.01995 -0.14688 -0.15764
0   0 C 1 18  0.00140  0.03421 -0.08966  0.10363 -0.01560 -0.19920 -0.15575 -0.06363 -0.14557  0.03484  0.13652 -0.10043 -0.04879 -0.10605  0.04025 -0.05578
0   0 C 1 19  0.03349  0.01996  0.00009  0.06324  0.03596 -0.15370 -0.16290  0.02820 -0.12616  0.00478  0.03666 -0.00200 -0.04139 -0.15876  0.08573  0.03332
0   0 C 1 20  0.06743 -0.01488 -0.06494 -0.03429 -0.05594 -0.06728 -0.03158 -0.01264  0.00315 -0.09973 -0.00748 -0.02509 -0.07594 -0.09184  0.04642  0.06289
0   0 C 1 21  0.08269 -0.00689  0.01851  0.06545 -0.03063  0.01490 -0.01312 -0.04028  0.05142  0.05590  0.07742  0.05202  0.00848 -0.12555  0.08879  0.04803
0   0 C 1 22 -0.02456 -0.05260 -0.00977  0.06054 -0.04103 -0.14047  0.00784 -0.01054  0.12504 -0.03574  0.00221 -0.03957 -0.03901 -0.11499  0.00902  0.02260
0   0 C 1 23  0.04109  0.16325 -0.02665 -0.06697 -0.12975 -0.14907  0.00401  0.08942 -0.04520  0.02584  0.08392 -0.06654 -0.17252 -0.10768  0.09689 -0.00072
0   0 C 1 24  0.03585  0.07876  0.03100  0.08872 -0.02767 -0.00730 -0.00088  0.08944  0.06252  0.05268  0.23190 -0.01859 -0.07543  0.02572 -0.01421  0.05171
0   0 C 1 25  0.01362 -0.03766 -0.01919 -0.19042 -0.19066 -0.02964  0.00380  0.06287  0.15028  0.07236  0.00498 -0.09323 -0.26385 -0.09916 -0.02427  0.07352
0   0 C 1 26  0.07685  0.00846  0.03495  0.00255 -0.03243  0.14273  0.02914  0.14724  0.15175  0.01332  0.05784 -0.14466  0.02481 -0.12198 -0.16581  0.00433
0   0 C 1 27 -0.02489  0.12662 -0.03923  0.04706 -0.03162  0.11891  0.00351  0.10674  0.08991  0.06148 -0.01070 -0.12500 -0.03357  0.00065 -0.08247 -0.04629
0   0 C 1 28 -0.07485  0.04215 -0.03249  0.03155  0.04116 -0.03751 -0.04944 -0.02603  0.09370  0.02984  0.06669 -0.14539 -0.12535 -0.13580 -0.07530 -0.01298
0   0 C 1 29  0.04298  0.11474  0.03728  0.02123 -0.00490  0.22054  0.05585  0.04405  0.03109  0.03883  0.04568 -0.12343 -0.14232 -0.00135 -0.02848 -0.00436
0   0 C 1 30 -0.00300  0.00585  0.09488 -0.02505 -0.01535  0.23445  0.02988  0.03834  0.09298  0.00623  0.12846 -0.08432 -0.09304 -0.01630 -0.09772 -0.02277
0   0 C 1 31  0.01417 -0.06570  0.10737  0.14833  0.03937  0.11586 -0.00665 -0.02858  0.16622  0.06544  0.05167 -0.06543 -0.02649 -0.01433 -0.00785  0.02167
0   0 C 1 32  0.01738 -0.02237  0.05975  0.12520  0.01572  0.22149  0.02196  0.12625  0.20476  0.19271  0.09182  0.05462  0.00916  0.03486 -0.01513 -0.00296
0   0 C 1 33 -0.00345 -0.06737 -0.03512  0.10111 -0.03064  0.01766  0.01055  0.11738  0.06027  0.00156  0.02780  0.03318  0.03773 -0.12940  0.02392 -0.01631
0   0 C 1 34  0.03668  0.03921  0.03006  0.12598  0.19389  0.12453  0.20371  0.33056  0.17666  0.21368  0.07186  0.10819  0.24514 -0.01518  0.05216  0.10624
0   0 C 1 35  0.16143  0.10784 -0.01966  0.22169  0.17871  0.12931  0.14194  0.16426  0.26027  0.17184  0.11784  0.04368 -0.07707 -0.03279  0.07981  0.06551
0   0 C 1 36 -0.06505  0.21593  0.01428  0.27271  0.12144  0.21625 -0.09808 -0.08504  0.13687  0.14783 -0.05131  0.16696  0.05944  0.02432  0.04351 -0.07832
0   0 C 1 37 -0.19202  0.22292  0.11983  0.31277  0.08019  0.13142  0.45634  0.01851  0.04634  0.24795  0.05847  0.18258  0.52638 -0.00038  0.03055 -0.24507
0   0 C 1 38 -0.20285  0.28773 -0.29982 -0.14411 -0.09931 -0.29685 -0.06550 -0.33852 -0.09923 -0.08333 -0.25864  0.01632  0.05997 -0.23126 -0.18296 -0.30347
0   0 C 1 39  0.03129  1.25872 -0.13834 -0.31604 -0.26134 -0.37128 -0.11549  0.48424  0.18104 -0.21896 -0.62591 -0.01446 -0.21705 -0.22297  0.40078  0.05846
0   0 C 1 40 -0.18139  0.20734 -0.39200  0.11887  0.07552  0.09434  0.30218  0.02862 -0.67814  0.11015 -0.27140  0.02488 -0.19344 -0.07094  0.08855 -0.38164
0   0 C 1 41 -0.27937 -0.14424  0.03349 -0.00591  0.03682  0.09078  0.13114  0.01799 -0.20343 -0.10684  0.34839 -0.60401 -0.21784 -0.09415 -0.10682 -0.40845
0   0 C 1 42 -0.17489 -0.06673  0.08808 -0.07986 -0.15151  0.00832  0.09264 -0.04962 -0.10681 -0.10461  0.29340 -0.18092 -0.00548  0.03254 -0.04691 -0.39617
0   0 C 1 43 -0.42681 -0.17260 -0.28663 -0.40947 -0.22767 -0.16804  0.03591 -0.20026 -0.18887 -0.26684  0.29858  0.16280 -0.19236 -0.38145  0.06317 -0.53969
0   0 C 1 44 -0.16345  0.20569 -0.22111 -0.05046 -0.12120 -0.07571 -0.10027 -0.25419 -0.32895 -0.38844  0.08097 -0.26776  0.21295  0.25700 -0.30529 -0.62520
0   0 C 1 45 -0.66790 -0.07596 -0.61191 -0.19153 -0.22139 -0.20599 -0.48871  0.04981 -0.62909 -0.54718 -0.17048  0.46120 -0.25570 -0.55318 -0.00542 -0.28391
0   0 C 1 46 -0.27591 -0.11020 -0.23426 -0.22721 -0.29594 -0.05397  0.09021  0.07539 -0.27257  0.02047 -0.52736 -0.55740 -0.17636 -0.28486 -0.39295 -0.61540
0   0 C 1 47 -0.29494 -0.29433 -0.46096 -0.53556 -0.20793 -0.29918 -0.70049  0.23954 -0.25635  0.03983 -0.12359 -0.48613 -0.05038  0.00355 -0.17236 -0.14857
0   0 C 1 48 -0.23435 -0.11790 -0.55214 -0.40727 -0.10766 -0.55913  0.16851  0.55170  0.73807 -0.23695 -0.02456 -0.19825  0.12051 -0.29281 -0.23482  0.37639
0   0 C 1 49 -0.41522 -0.65355 -0.01162  0.00123 -0.08715  0.53123  0.06512  0.22582  0.80513 -0.07771 -0.04227  0.66551 -0.42824 -0.59612 -1.09131 -0.48831
0   0 S 1 0  0   0.46873  -0.17355
0   0 S 1 0  1  -0.11262   0.28389
0   0 S 1 0  2   0.14978   0.27607
0   0 S 1 0  3  -0.26248   0.49132
0   0 S 1 0  4   0.13160  -0.19990
0   0 S 1 0  5  -0.23037   0.44575
0   0 S 1 0  6   0.35766  -0.04224
0   0 S 1 0  7  -0.21138  -0.07132
0   0 S 1 0  8   0.00526  -0.21378
0   0 S 1 0  9   0.69328  -0.79081
0   0 S 1 0 10   0.14475   0.19602
0   0 S 1 0 11   1.08574  -0.88654
0   0 S 1 0 12   0.04652  -0.99939
0   0 S 1 0 13   1.04509  -0.14442
0   0 S 1 0 14   0.58305   1.43744
0   0 S 1 0 15   2.39157   1.09013
0   0 S 1 0 16   1.81722  -0.47278
0   0 S 1 0 17   1.31118  -1.64162
0   0 S 1 0 18   1.25083   0.09698
0   0 S 1 0 19   0.28318  -0.04301
0   0 S 1 0 20   1.75732  -0.80548
0   0 S 1 0 21   1.50822  -0.83219
0   0 S 1 0 22   0.92541   0.22279
0   0 S 1 0 23   0.44002   0.44002
0   0 S 1 0 24  -1.23552  -1.23552
0   0 S 1 1  0   0.02995   0.07036
0   0 S 1 1  1   0.07818   0.02410
0   0 S 1 1  2   0.08692   0.00912
0   0 S 1 1  3   0.14212   0.00192
0   0 S 1 1  4   0.07733   0.06104
0   0 S 1 1  5   0.16414  -0.01382
0   0 S 1 1  6   0.04779   0.05184
0   0 S 1 1  7   0.13943   0.07593
0   0 S 1 1  8   0.12879   0.04454
0   0 S 1 1  9   0.08558   0.16028
0   0 S 1 1 10   0.18433  -0.03675
0   0 S 1 1 11  -0.02299   0.02995
0   0 S 1 1 12   0.17356   0.08778
0   0 S 1 1 13   0.02379  -0.10056
0   0 S 1 1 14   0.15024  -0.20736
0   0 S 1 1 15   0.00478  -0.26310
0   0 S 1 1 16   0.04020   0.08362
0   0 S 1 1 17   0.08016   0.42116
0   0 S 1 1 18   0.08114   0.08661
0   0 S 1 1 19   0.19636   0.16488
0   0 S 1 1 20   0.13635   0.30766
0   0 S 1 1 21   0.11234   0.31882
0   0 S 1 1 22   0.19273   0.14976
0   0 S 1 1 23   0.14994   0.14994
0   0 S 1 1 24   0.46358   0.46358
0   0 S 1 2  0   0.07407   0.00849
0   0 S 1 2  1   0.00830   0.05829
0   0 S 1 2  2   0.04158   0.05697
0   0 S 1 2  3   0.00000   0.08916
0   0 S 1 2  4   0.02643   0.01339
0   0 S 1 2  5   0.01117   0.07971
0   0 S 1 2  6   0.05459   0.03214
0   0 S 1 2  7   0.00000   0.04098
0   0 S 1 2  8   0.02613   0.01802
0   0 S 1 2  9   0.11026   0.00000
0   0 S 1 2 10   0.06383   0.10262
0   0 S 1 2 11   0.13385   0.00000
0   0 S 1 2 12   0.05603   0.00000
0   0 S 1 2 13   0.15226   0.07417
0   0 S 1 2 14   0.13228   0.24647
0   0 S 1 2 15   0.32168   0.27331
0   0 S 1 2 16   0.25489   0.08921
0   0 S 1 2 17   0.19776   0.00000
0   0 S 1 2 18   0.17760   0.13623
0   0 S 1 2 19   0.06902   0.11624
0   0 S 1 2 20   0.24145   0.05946
0   0 S 1 2 21   0.19192   0.03623
0   0 S 1 2 22   0.13681   0.12255
0   0 S 1 2 23   0.12685   0.12685
0   0 S 1 2 24   0.00000   0.00000
0   0 F  0   0.99845   0.99845   1.00737   1.00737   0.99977   0.99977   0.99170   0.99170   0.98889   0.98889   0.99733   0.99733   0.99926   0.99926   0.98657   0.98657   0.98921   0.98921   0.99128   0.99128   0.98532   0.98532   0.96102   0.96102   0.98996
0   0 F  1   1.03175   1.03175   1.06605   1.06605   1.01188   1.01188   1.04683   1.04683   1.01877   1.01877   1.05229   1.05229   1.08319   1.08319   1.07771   1.07771   1.06169   1.06169   1.03423   1.03423   0.99534   0.99534   0.92861   0.92861   0.93314
0   0 F  2   1.04951   1.04951   1.06018   1.06018   1.06160   1.06160   1.05967   1.05967   1.04004   1.04004   1.06192   1.06192   1.07284   1.07284   1.09781   1.09781   1.04005   1.04005   1.03561   1.03561   1.02669   1.02669   0.94765   0.94765   0.90821
0   0 F  3   1.04574   1.04574   1.06535   1.06535   1.03121   1.03121   1.04727   1.04727   1.04348   1.04348   1.06881   1.06881   1.07701   1.07701   1.08990   1.08990   1.05070   1.05070   1.04001   1.04001   1.03115   1.03115   0.93917   0.93917   0.90649
0   0 F  4   1.06923   1.06923   1.10972   1.10972   1.02958   1.02958   1.05769   1.05769   1.06904   1.06904   1.10243   1.10243   1.07861   1.07861   1.11900   1.11900   1.07154   1.07154   1.07156   1.07156   1.02684   1.02684   0.93378   0.93378   0.87771
0   0 F  5   1.10040   1.10040   1.10650   1.10650   1.03145   1.03145   1.05890   1.05890   1.06234   1.06234   1.09441   1.09441   1.08735   1.08735   1.10886   1.10886   1.07797   1.07797   1.04066   1.04066   1.04242   1.04242   0.92566   0.92566   0.86369
0   0 F  6   1.09428   1.09428   1.07760   1.07760   1.02878   1.02878   1.07384   1.07384   1.07457   1.07457   1.10048   1.10048   1.10018   1.10018   1.11213   1.11213   1.07205   1.07205   1.04856   1.04856   1.03414   1.03414   0.93004   0.93004   0.92476
0   0 F  7   1.09327   1.09327   1.09111   1.09111   1.06568   1.06568   1.08619   1.08619   1.09118   1.09118   1.12031   1.12031   1.10549   1.10549   1.13083   1.13083   1.08491   1.08491   1.06964   1.06964   1.05315   1.05315   0.97293   0.97293   0.89983
0   0 F  8   1.09233   1.09233   1.10285   1.10285   1.06067   1.06067   1.09237   1.09237   1.08081   1.08081   1.10449   1.10449   1.12146   1.12146   1.12916   1.12916   1.09455   1.09455   1.08550   1.08550   1.04145   1.04145   0.97271   0.97271   0.91021
