NSET 1
NMEM 1
CPHI 16 
CETA 50 -2.50 -2.40 -2.30 -2.20 -2.10 -2.00 -1.90 -1.80 -1.70 -1.60 -1.50 -1.40 -1.30 -1.20 -1.10 -1.00 -0.90 -0.80 -0.70 -0.60 -0.50 -0.40 -0.30 -0.20 -0.10  0.00  0.10  0.20  0.30  0.40  0.50  0.60  0.70  0.80  0.90  1.00  1.10  1.20  1.30  1.40  1.50  1.60  1.70  1.80  1.90  2.00  2.10  2.20  2.30  2.40  2.50 
RMIN  0 
NEXT  2  0.00  0.95  1.20 
RETA 25  0.00  0.10  0.20  0.30  0.40  0.50  0.60  0.70  0.80  0.90  1.00  1.10  1.20  1.30  1.40  1.50  1.60  1.70  1.80  1.90  2.00  2.10  2.20  2.30  2.40  2.50 
KRUN 32 273157 273729 274249 274334 274420 274967 274998 275072 275309 275369 275375 275833 275889 276096 276281 276362 276436 276501 276541 276585 276774 276810 276830 276869 276949 277086 277126 277179 278016 278238 278307 278405 278771 
FRUN  8 0.000 0.122 0.243 0.372 0.485 0.618 0.741 0.874 1.000 
0   0 T 0  0    0.00000   0.31947   1.00000
0   0 T 0  1    0.00000   0.32687   1.00000
0   0 T 0  2    0.00000   0.37012   1.00000
0   0 T 0  3    0.00000   0.42318   1.00000
0   0 T 0  4    0.00000   0.45580   1.00000
0   0 T 0  5    0.00000   0.47628   1.00000
0   0 T 0  6    0.00000   0.49862   1.00000
0   0 T 0  7    0.00000   0.53407   1.00000
0   0 T 0  8    0.00000   0.60457   1.00000
0   0 T 0  9    0.00000   0.68829   1.00000
0   0 T 0 10    0.00000   0.78710   1.00000
0   0 T 0 11    0.00000   0.88515   1.00000
0   0 T 0 12    0.00000   0.91677   1.00000
0   0 T 0 13    0.00000   0.93264   1.00000
0   0 T 0 14    0.00000   0.92752   1.00000
0   0 T 0 15    0.00000   0.84789   1.00000
0   0 T 0 16    0.00000   0.81840   1.00000
0   0 T 0 17    0.00000   0.77406   1.00000
0   0 T 0 18    0.00000   0.69719   1.00000
0   0 T 0 19    0.00000   0.56815   1.00000
0   0 T 0 20    0.00000   0.46706   1.00000
0   0 T 0 21    0.00000   0.36060   1.00000
0   0 T 0 22    0.00000   0.26203   1.00000
0   0 T 0 23    0.00000   1.00000   1.00000
0   0 T 0 24    0.00000   1.00000   1.00000
0   0 T 1  0    0.00000   0.31557   1.00000
0   0 T 1  1    0.00000   0.32043   1.00000
0   0 T 1  2    0.00000   0.36648   1.00000
0   0 T 1  3    0.00000   0.42530   1.00000
0   0 T 1  4    0.00000   0.45512   1.00000
0   0 T 1  5    0.00000   0.47295   1.00000
0   0 T 1  6    0.00000   0.49953   1.00000
0   0 T 1  7    0.00000   0.53253   1.00000
0   0 T 1  8    0.00000   0.61036   1.00000
0   0 T 1  9    0.00000   0.70201   1.00000
0   0 T 1 10    0.00000   0.79359   1.00000
0   0 T 1 11    0.00000   0.87915   1.00000
0   0 T 1 12    0.00000   0.91194   1.00000
0   0 T 1 13    0.00000   0.92702   1.00000
0   0 T 1 14    0.00000   0.92050   1.00000
0   0 T 1 15    0.00000   0.86777   1.00000
0   0 T 1 16    0.00000   0.82610   1.00000
0   0 T 1 17    0.00000   0.78341   1.00000
0   0 T 1 18    0.00000   0.69531   1.00000
0   0 T 1 19    0.00000   0.58983   1.00000
0   0 T 1 20    0.00000   0.46901   1.00000
0   0 T 1 21    0.00000   0.34868   1.00000
0   0 T 1 22    0.00000   0.25549   1.00000
0   0 T 1 23    0.00000   1.00000   1.00000
0   0 T 1 24    0.00000   1.00000   1.00000
0   0 R 0  0       0.002240       0.006886 
0   0 R 0  1       0.001182       0.004360 
0   0 R 0  2       0.001153       0.004865 
0   0 R 0  3       0.003245       0.006707 
0   0 R 0  4       0.001709       0.005880 
0   0 R 0  5       0.004925       0.004629 
0   0 R 0  6       0.003243       0.005167 
0   0 R 0  7       0.005680       0.006701 
0   0 R 0  8       0.003024       0.006182 
0   0 R 0  9       0.003801       0.006769 
0   0 R 0 10       0.004824       0.007299 
0   0 R 0 11       0.003825       0.007571 
0   0 R 0 12       0.006189       0.008554 
0   0 R 0 13       0.004496       0.002439 
0   0 R 0 14       0.006501       0.002080 
0   0 R 0 15       0.006086       0.003092 
0   0 R 0 16       0.007705       0.011036 
0   0 R 0 17       0.008849       0.008755 
0   0 R 0 18       0.006026       0.005911 
0   0 R 0 19       0.008812       0.009736 
0   0 R 0 20       0.006586       0.010899 
0   0 R 0 21       0.007353       0.014593 
0   0 R 0 22       0.008343       0.012089 
0   0 R 0 23       0.005145       0.005145 
0   0 R 0 24       0.030754       0.030754 
0   0 R 1  0      42.198862       4.525871 
0   0 R 1  1      71.037513      11.911726 
0   0 R 1  2      70.498870       9.284196 
0   0 R 1  3      20.092240       0.000312 
0   0 R 1  4      53.917858       7.312917 
0   0 R 1  5       5.997401      12.574095 
0   0 R 1  6      21.873320       9.749104 
0   0 R 1  7       8.050636       0.000284 
0   0 R 1  8      27.655452       4.715114 
0   0 R 1  9      20.317103      -0.000010 
0   0 R 1 10      16.331136       3.798202 
0   0 R 1 11      30.065366       7.864487 
0   0 R 1 12      12.422279      -0.000184 
0   0 R 1 13      26.682926      45.881002 
0   0 R 1 14      18.148763      63.176578 
0   0 R 1 15      31.235413      57.958204 
0   0 R 1 16      20.720239      11.060122 
0   0 R 1 17      14.193751      14.125691 
0   0 R 1 18      25.922778      26.059546 
0   0 R 1 19      14.259553      11.692801 
0   0 R 1 20      21.914593      10.149241 
0   0 R 1 21      19.893945       5.685246 
0   0 R 1 22      17.636028       9.421768 
0   0 R 1 23      31.753918      31.753918 
0   0 R 1 24    -150.160316    -150.160316 
0   0 R 2  0      93.785695     -80.503133 
0   0 R 2  1     248.932901      54.203554 
0   0 R 2  2     389.225506      56.647737 
0   0 R 2  3     218.079509      95.384600 
0   0 R 2  4     282.926436      81.229405 
0   0 R 2  5     187.131803      84.341377 
0   0 R 2  6     187.585526      84.025477 
0   0 R 2  7     144.041266     113.045062 
0   0 R 2  8     208.491783     100.169048 
0   0 R 2  9     201.003064     101.978578 
0   0 R 2 10     194.916998     109.978191 
0   0 R 2 11     291.223977     118.184558 
0   0 R 2 12     224.572037     125.748921 
0   0 R 2 13     266.777369     219.303710 
0   0 R 2 14     208.316452     255.347604 
0   0 R 2 15     195.349475     177.472140 
0   0 R 2 16     193.703511     107.987226 
0   0 R 2 17     143.730965      85.231262 
0   0 R 2 18     161.876560      84.370377 
0   0 R 2 19     104.252889      59.024856 
0   0 R 2 20     123.498466      51.255733 
0   0 R 2 21     102.480751      39.683510 
0   0 R 2 22      89.732299     -36.298160 
0   0 R 2 23      -5.307870      -5.307870 
0   0 R 2 24   -5148.768077   -5148.768077 
0   0 R 3  0       0.001267       4.338336 
0   0 R 3  1      14.373493       3.099152 
0   0 R 3  2      39.433312       2.284881 
0   0 R 3  3      22.570347       5.574155 
0   0 R 3  4       4.526716       3.835313 
0   0 R 3  5      16.289557       6.337435 
0   0 R 3  6       8.871459       6.216241 
0   0 R 3  7       6.857005       7.282408 
0   0 R 3  8       2.471376       4.690719 
0   0 R 3  9       2.974984       5.669506 
0   0 R 3 10       3.289663       6.240548 
0   0 R 3 11       5.296651       5.959844 
0   0 R 3 12       9.118599       7.900948 
0   0 R 3 13      10.137211       0.001412 
0   0 R 3 14       9.038835     174.470315 
0   0 R 3 15       1.343026       0.000038 
0   0 R 3 16      14.741973      12.846976 
0   0 R 3 17      15.486027       0.716403 
0   0 R 3 18       4.240489       6.396166 
0   0 R 3 19       0.216944       6.916617 
0   0 R 3 20       5.429605       6.385221 
0   0 R 3 21       6.406062       0.054944 
0   0 R 3 22       6.862929       2.420252 
0   0 R 3 23       4.371716       4.371716 
0   0 R 3 24     135.278232     135.278232 
0   0 R 4  0       4.060284      -0.431531 
0   0 R 4  1       0.584738       0.073295 
0   0 R 4  2      -0.033284       0.183484 
0   0 R 4  3      -0.288597      -0.444852 
0   0 R 4  4       0.652697      -0.156760 
0   0 R 4  5      -0.363939      -0.213199 
0   0 R 4  6       0.113232      -0.263345 
0   0 R 4  7      -0.048490      -0.464304 
0   0 R 4  8       0.718909      -0.177296 
0   0 R 4  9       0.561614      -0.200907 
0   0 R 4 10       0.457370      -0.235034 
0   0 R 4 11       0.467307      -0.126641 
0   0 R 4 12       0.071755      -0.250033 
0   0 R 4 13       0.267180       4.151762 
0   0 R 4 14       0.167017       4.281570 
0   0 R 4 15       1.085422       5.548643 
0   0 R 4 16       0.021783      -0.242986 
0   0 R 4 17       0.002748       1.286208 
0   0 R 4 18       0.886227       3.627998 
0   0 R 4 19       1.991671       3.994057 
0   0 R 4 20       1.281414       3.734317 
0   0 R 4 21       5.349654       5.836631 
0   0 R 4 22      19.417504       4.854530 
0   0 R 4 23       5.088838       5.088838 
0   0 R 4 24      -1.970939      -1.970939 
0   0 R 6  0       0.856937       0.878243 
0   0 R 6  1       0.880321       0.928256 
0   0 R 6  2       0.882779       0.914241 
0   0 R 6  3       0.864407       0.875405 
0   0 R 6  4       0.810701       0.846860 
0   0 R 6  5       0.853241       0.856590 
0   0 R 6  6       0.858265       0.859895 
0   0 R 6  7       0.856222       0.849084 
0   0 R 6  8       0.883546       0.858527 
0   0 R 6  9       0.910256       0.862939 
0   0 R 6 10       0.930085       0.890296 
0   0 R 6 11       0.921988       0.889986 
0   0 R 6 12       0.941875       0.903437 
0   0 R 6 13       0.949305       0.888983 
0   0 R 6 14       0.947501       0.933689 
0   0 R 6 15       0.949492       0.951766 
0   0 R 6 16       0.936930       0.904464 
0   0 R 6 17       0.953259       0.917974 
0   0 R 6 18       0.972879       0.924332 
0   0 R 6 19       0.993489       0.960023 
0   0 R 6 20       0.982595       0.954088 
0   0 R 6 21       0.998066       0.976696 
0   0 R 6 22       1.009843       0.988956 
0   0 R 6 23       1.005318       1.005318 
0   0 R 6 24       0.989354       0.989354 
0   0 R 7  0       1.008565       0.917704 
0   0 R 7  1       1.079923       1.143175 
0   0 R 7  2       1.006945       1.004332 
0   0 R 7  3       0.947780       0.884615 
0   0 R 7  4       0.794224       0.775702 
0   0 R 7  5       0.918391       0.828768 
0   0 R 7  6       0.932238       0.808536 
0   0 R 7  7       0.948518       0.845406 
0   0 R 7  8       1.025292       0.889487 
0   0 R 7  9       1.125464       0.965621 
0   0 R 7 10       1.146245       0.990716 
0   0 R 7 11       1.079843       1.009173 
0   0 R 7 12       1.189154       1.103973 
0   0 R 7 13       1.167613       1.002699 
0   0 R 7 14       1.203301       1.265698 
0   0 R 7 15       1.247008       1.341248 
0   0 R 7 16       1.221467       1.134113 
0   0 R 7 17       1.307939       1.135439 
0   0 R 7 18       1.406755       1.165106 
0   0 R 7 19       1.580159       1.276281 
0   0 R 7 20       1.549195       1.311974 
0   0 R 7 21       1.669924       1.397229 
0   0 R 7 22       1.801759       1.527870 
0   0 R 7 23       1.677950       1.677950 
0   0 R 7 24       1.809327       1.809327 
0   0 R 8  0       3.750215       6.889317 
0   0 R 8  1       4.598976       4.489410 
0   0 R 8  2       6.265279       6.086486 
0   0 R 8  3       7.038214       7.717946 
0   0 R 8  4       5.923972       7.632819 
0   0 R 8  5       8.662030       8.829241 
0   0 R 8  6       9.063472       9.964046 
0   0 R 8  7       5.404888       6.600362 
0   0 R 8  8       5.753836       6.585924 
0   0 R 8  9       5.130412       5.169663 
0   0 R 8 10       7.177091       7.351913 
0   0 R 8 11       7.352556       7.045212 
0   0 R 8 12       7.345763       5.717785 
0   0 R 8 13      10.903572       7.912071 
0   0 R 8 14       5.372660       3.007564 
0   0 R 8 15       4.248868       3.230043 
0   0 R 8 16       6.847587       6.493492 
0   0 R 8 17       4.834762       5.301919 
0   0 R 8 18       4.791782       8.114218 
0   0 R 8 19       4.712294       9.738785 
0   0 R 8 20       3.935418       6.861824 
0   0 R 8 21       3.557752       7.479403 
0   0 R 8 22       3.367277       6.764638 
0   0 R 8 23       4.660107       4.660107 
0   0 R 8 24       7.481080       7.481080 
0   0 R 9  0       1.510567       1.671722 
0   0 R 9  1       1.492069       2.028102 
0   0 R 9  2       1.588281       2.091847 
0   0 R 9  3       1.624145       2.071638 
0   0 R 9  4       1.655488       2.024363 
0   0 R 9  5       1.609653       2.032299 
0   0 R 9  6       1.573889       1.955671 
0   0 R 9  7       1.638147       1.971887 
0   0 R 9  8       1.754852       2.112840 
0   0 R 9  9       1.866080       2.338769 
0   0 R 9 10       1.986410       2.600639 
0   0 R 9 11       2.173755       2.739294 
0   0 R 9 12       2.234589       2.842291 
0   0 R 9 13       2.201056       2.381778 
0   0 R 9 14       2.342375       2.517520 
0   0 R 9 15       2.205636       2.954367 
0   0 R 9 16       2.696769       3.025666 
0   0 R 9 17       2.630727       3.076821 
0   0 R 9 18       2.543976       2.520434 
0   0 R 9 19       2.406335       2.886620 
0   0 R 9 20       2.445400       2.422115 
0   0 R 9 21       2.399818       2.970976 
0   0 R 9 22       2.347007       2.417161 
0   0 R 9 23       2.366823       2.366823 
0   0 R 9 24       2.004609       2.004609 
0   0 R 10  0       4.923305      10.010796 
0   0 R 10  1       5.164323       5.227022 
0   0 R 10  2       4.926536       4.917703 
0   0 R 10  3       5.133998       4.825006 
0   0 R 10  4       4.925431       5.226597 
0   0 R 10  5       5.331022       5.119356 
0   0 R 10  6       5.461261       5.420065 
0   0 R 10  7       5.467655       5.313188 
0   0 R 10  8       5.014638       4.831086 
0   0 R 10  9       5.192639       3.997775 
0   0 R 10 10       5.185400       3.114668 
0   0 R 10 11       4.572481       2.660684 
0   0 R 10 12       4.659531       2.474838 
0   0 R 10 13       4.795767       5.310543 
0   0 R 10 14       6.234374       4.065949 
0   0 R 10 15       4.583726       1.761638 
0   0 R 10 16       2.768084       5.469178 
0   0 R 10 17       2.480247       2.317329 
0   0 R 10 18       2.450794       7.035406 
0   0 R 10 19       2.944797       3.481089 
0   0 R 10 20       2.425765       6.696659 
0   0 R 10 21       2.284225       2.320235 
0   0 R 10 22       2.565008       7.355472 
0   0 R 10 23       3.355449       3.355449 
0   0 R 10 24      13.736630      13.736630 
0   0 C 0  0  0.02509  0.30458  1.16191  1.34887 -0.53032 -0.72217  0.17952 -1.47672  0.82299  0.61766  0.49716  0.93667  0.11010  0.38276 -1.13882  0.02514
0   0 C 0  1  0.31327  0.14752  0.24287  1.08237 -0.19348  0.17356 -0.12270  0.63118 -0.37664 -0.68931  0.01338  0.29480  0.51074 -0.69789  0.71344  0.09306
0   0 C 0  2  0.53554  0.04122  0.83308  0.82423  1.18598 -0.15574  0.01484  0.49180  0.70398  0.34172  1.08991  0.75632  0.80694  1.19112  0.54681  0.34556
0   0 C 0  3  0.58397  0.55835  0.49132  0.95360  0.67180  0.11430 -0.14844  0.11547  0.24825  0.30664  0.35250  0.52124 -0.13693  0.40611  0.38344  0.08848
0   0 C 0  4 -0.07257  1.61914  1.02404  0.69124 -0.14347  0.72793  0.40415  0.00545  0.23686  0.59656  0.57228  0.34169  0.17195  0.38984  0.16573 -0.12657
0   0 C 0  5  0.48584  0.71447  0.33978 -0.38883  0.04531 -0.15006  0.07419 -0.02674  0.23806  0.28143  0.22506 -0.06250  0.42762 -0.05989 -0.34876 -0.72519
0   0 C 0  6  0.47638  0.41960  0.54701  0.46220  0.47092  0.23835  0.49225 -0.01570  0.46586  0.61851  0.44271  0.04184  0.79296  0.40835  0.27174 -0.01507
0   0 C 0  7  0.17910  0.20891  0.19997  0.52584  0.10938  0.03537 -0.24519 -0.35865  0.02516 -0.12764 -0.06406  0.03035  0.27687  0.10816 -0.03201  0.08957
0   0 C 0  8  0.83712  0.68910  0.68898  0.05801  0.82133  0.00721  1.09257  0.13959  0.23751  1.05888  0.27583  0.65517  1.33613  0.45024  0.90263  0.12269
0   0 C 0  9  0.23315 -0.88572  0.08743 -1.29571 -0.49367 -1.20064 -0.43381 -0.44384 -0.09340  0.89076  0.57653 -1.14800  0.49627 -0.19421  0.06852 -0.49178
0   0 C 0 10  1.67598  0.00776  0.56024  0.06870  0.64104  0.46978  0.96719  0.42051  0.72675 -0.12879  0.71751  0.06539  0.51829  0.58972  0.88271  1.03357
0   0 C 0 11  0.98883  0.11563  0.43701 -0.29937  0.31336  0.07300  0.76137  0.39615  0.67759 -0.20039  0.58300  0.20883  0.51279  0.44864  0.80509  0.27558
0   0 C 0 12  0.47185  0.30898  0.22226 -0.01182  0.64077  0.29385  0.31503 -0.08890  0.21176 -0.34598  0.22801 -0.14215  0.34573  0.11740  0.29773 -0.08786
0   0 C 0 13  0.16071 -0.22343  0.10146  0.05425  0.99938  0.33283  0.19281 -0.16339  0.05595 -0.39597  0.05131 -0.19878  0.31427  0.17758  0.10320 -0.01847
0   0 C 0 14  0.13339 -0.11814 -0.04087  0.05885  0.39910  0.22874  0.08374  0.00677  0.00789 -0.21037  0.11327 -0.12784  0.00845  0.09781  0.15012  0.01564
0   0 C 0 15  0.10566  0.04488 -0.13289  0.16021  0.21920  0.13492 -0.07125  0.01992  0.01205 -0.06175  0.03393  0.11999  0.18237  0.63541  0.02244  0.40764
0   0 C 0 16 -0.06649 -0.26125 -0.23924  0.62308  0.08370  0.11257 -0.19346 -0.20634 -0.08124 -0.18164 -0.08611 -0.11450 -0.11674  0.26447 -0.05516  0.16733
0   0 C 0 17  0.01535 -0.01515  0.51070  0.21719 -0.02671  0.29301  0.32888 -0.01353 -0.03786  0.05694  0.08135  0.02943 -0.06026  0.25249  0.12419  0.11680
0   0 C 0 18  0.07418  0.00972  0.10378  0.16438  0.06125  0.10840  0.01378 -0.02155 -0.06455  0.00216  0.03825  0.00664 -0.04325  0.12403  0.02463  0.15520
0   0 C 0 19  0.05543  0.00022  0.14106  0.02172  0.12579  0.16719  0.04624 -0.08435 -0.15570  0.01812  0.06670 -0.05777 -0.10244  0.06677  0.12447  0.15051
0   0 C 0 20  0.12772  0.00098  0.07418  0.11894  0.17464  0.17298  0.03505 -0.03323 -0.06330  0.00242  0.06323  0.05964 -0.03665  0.20115  0.14692  0.35268
0   0 C 0 21  0.03053 -0.10696 -0.03379  0.06763  0.20430  0.06802  0.00189  0.03709  0.20649  0.00317 -0.03731 -0.08057 -0.16153  0.14260 -0.04556  0.08618
0   0 C 0 22  0.04635 -0.05935 -0.11916  0.08546  0.19535  0.02831 -0.03503  0.02187  0.30456  0.03890  0.04473 -0.01390 -0.14697  0.12375  0.00809  0.00487
0   0 C 0 23 -0.00708  0.15005 -0.03433 -0.01346 -0.00670  0.10191 -0.03544 -0.05101 -0.05894  0.22857 -0.08009 -0.05765 -0.25732  0.07347 -0.15562  0.01997
0   0 C 0 24 -0.01266 -0.02966 -0.01465 -0.01753  0.06568  0.02097 -0.02241 -0.07957 -0.10736  0.08280  0.30386 -0.12240 -0.14687 -0.03381 -0.05081  0.09233
0   0 C 0 25 -0.08356  0.03922 -0.09922 -0.15744 -0.08298 -0.06393 -0.01212 -0.10178 -0.15862 -0.08322  0.06070 -0.06117  0.07625 -0.13580 -0.03884 -0.13828
0   0 C 0 26 -0.05369 -0.01037 -0.07205 -0.08610 -0.11132  0.02358  0.01799  0.04082 -0.14949 -0.14286  0.14076  0.03049  0.37208 -0.07192  0.02264 -0.10256
0   0 C 0 27  0.06216  0.07783  0.09710 -0.00355  0.02198  0.08884  0.06052  0.09100 -0.03306 -0.11195  0.26864  0.19779  0.15684 -0.09762 -0.13636 -0.01311
0   0 C 0 28 -0.01413  0.10783  0.06551 -0.11739 -0.10542  0.07580  0.05942  0.08719 -0.05164 -0.02299  0.10499  0.09941  0.19735 -0.01146 -0.12171 -0.01624
0   0 C 0 29 -0.03266 -0.06007  0.00334 -0.09293 -0.16926  0.03940 -0.03096 -0.01698 -0.15630 -0.13906  0.02055  0.02870  0.06319 -0.08103 -0.23568 -0.15170
0   0 C 0 30 -0.03905 -0.03813 -0.08384 -0.12685 -0.09520  0.08803  0.00890  0.03989 -0.12080 -0.11743 -0.02111 -0.05507 -0.02826 -0.19814 -0.14983 -0.12071
0   0 C 0 31  0.00115 -0.00388  0.07998 -0.07566 -0.08731 -0.00306 -0.03900  0.00666 -0.06232 -0.03014  0.22112 -0.05765  0.10233 -0.14805 -0.08282 -0.10823
0   0 C 0 32 -0.01625  0.17679  0.18368  0.04613 -0.08599  0.01224  0.17886  0.11166  0.02591 -0.07000  0.13359  0.11086  0.07780 -0.14656 -0.12869 -0.09513
0   0 C 0 33  0.00904 -0.04406 -0.05532  0.01990 -0.20690 -0.10923  0.10166  0.00376 -0.13523 -0.19160  0.01941  0.05229  0.40991 -0.27979 -0.07089 -0.04129
0   0 C 0 34 -0.00776  0.14681  0.03382  0.17148 -0.20728  0.08974  0.00357  0.10684 -0.05369  0.14469  0.16709  0.17629  0.68844 -0.10642 -0.01365  0.43515
0   0 C 0 35  0.59074  0.37379  0.05762  0.39386 -0.00794  0.28910  0.04110  0.33610 -0.00152  0.48750  0.16151  0.33219  0.20664  0.02179 -0.03395  0.34407
0   0 C 0 36  0.23662  0.26534 -0.22722  0.53809 -0.18588  0.34379 -0.06867  0.39749  0.12002  0.05011  0.19345  0.14864  0.24277  0.09541 -0.09011  0.11580
0   0 C 0 37 -0.18312  0.45678 -0.10100  0.06487 -0.35220  0.38721  0.89377  0.64925 -0.14030  0.19507  0.11002  0.36932  0.10524  0.12240 -0.28318  0.02748
0   0 C 0 38  0.04326  0.75039  0.08101  0.09562 -0.43999  0.06412  0.01263  0.77215 -0.14480  0.43018  0.06065  0.13421  0.04458  0.32596 -0.01901  0.46330
0   0 C 0 39  0.40013  1.81661 -0.03026 -0.06535 -0.58039  0.20674  0.12037  2.12780  0.32965  0.40221 -0.08954  0.10436 -0.43990  0.23590  0.60485  1.12309
0   0 C 0 40  0.41836 -0.30030 -0.80307 -0.10555 -0.25228 -0.09461 -1.42113  0.01850 -0.92601 -0.83530 -1.06605 -0.60921 -1.55886 -0.05923 -0.69475 -0.36633
0   0 C 0 41  0.40833  0.64411  0.13779  0.61320  0.15928  0.59756  1.30459  0.47495  0.03038  0.87810  0.15725  0.84905  0.43660  0.45994  0.62276  0.32178
0   0 C 0 42 -0.32803 -0.44006  0.90044  0.03115 -0.16187 -0.18098  1.42550 -0.06678 -0.25320  0.43741  0.64693 -0.24269 -0.26827 -0.06540 -0.05956 -0.07526
0   0 C 0 43 -0.19240  0.47682  0.63713  0.14310  0.19975  0.13577  0.10367  0.61636 -0.43034  0.57961 -0.03729 -0.03003 -0.00515  0.45642  0.68669  0.70874
0   0 C 0 44 -0.14783  0.03809  0.13016 -0.10721 -0.34699  0.08818  0.00171  0.31788 -0.20016  0.02186 -0.19284  0.00252  0.00602 -0.10931 -0.13391  0.15713
0   0 C 0 45 -0.28615 -0.18864  0.18633  0.28329  0.08079  0.09760  0.14136  0.22703  0.72535 -0.04452  0.14181  0.84187  0.20983  0.28643  0.12782  0.38133
0   0 C 0 46 -0.00324 -0.07008  0.02225  0.23098  0.76050 -0.67508  0.19146  0.24701  0.15698 -0.11402 -0.03649  0.29812  0.11518  0.19631  0.28073  0.77668
0   0 C 0 47  0.55942  0.07500  0.33383  0.44897  0.23617  0.00281  0.54378  0.04586  0.23014  0.34753  0.43415  0.08167  1.12371  0.14930 -0.18267  0.32207
0   0 C 0 48  0.39774 -0.29337 -0.06599  0.59824 -0.45759  0.01823  0.07927 -0.64471  0.34299  0.35709 -0.15084 -0.23201  0.39145  0.31853 -0.30072 -0.07293
0   0 C 0 49  1.75165 -1.00261  0.47225 -0.77908  0.23836 -1.11452 -0.13251  1.02846 -0.09124  0.40047 -0.10409  0.18285  0.27344  0.45432  1.27726 -0.01586
0   0 S 0 0  0  -0.04090  -0.01634
0   0 S 0 0  1  -0.14785   0.06036
0   0 S 0 0  2  -0.15489  -0.03567
0   0 S 0 0  3  -0.24424  -0.11019
0   0 S 0 0  4   0.01793  -0.06692
0   0 S 0 0  5  -0.01331  -0.07195
0   0 S 0 0  6  -0.07839  -0.12741
0   0 S 0 0  7  -0.10123  -0.11138
0   0 S 0 0  8  -0.04952  -0.04806
0   0 S 0 0  9  -0.12977  -0.10763
0   0 S 0 0 10  -0.23053  -0.23815
0   0 S 0 0 11  -0.07178   0.02315
0   0 S 0 0 12  -0.13540   0.14608
0   0 S 0 0 13  -0.41420   0.12771
0   0 S 0 0 14  -0.44109  -0.33262
0   0 S 0 0 15   0.39792   0.46102
0   0 S 0 0 16  -0.22002  -0.48692
0   0 S 0 0 17   0.17296  -0.12589
0   0 S 0 0 18  -0.00476  -0.22431
0   0 S 0 0 19   0.21885  -0.04691
0   0 S 0 0 20   0.07160  -0.35350
0   0 S 0 0 21  -0.01756  -0.38467
0   0 S 0 0 22  -0.08054  -0.33101
0   0 S 0 0 23  -0.18968  -0.18968
0   0 S 0 0 24  -0.38604  -0.38604
0   0 S 0 1  0   0.02190   0.00371
0   0 S 0 1  1   0.05082  -0.02165
0   0 S 0 1  2   0.06239   0.01236
0   0 S 0 1  3   0.10926   0.03454
0   0 S 0 1  4   0.01068   0.01080
0   0 S 0 1  5   0.02120   0.01380
0   0 S 0 1  6   0.04799   0.03308
0   0 S 0 1  7   0.05840   0.02286
0   0 S 0 1  8   0.03743  -0.00915
0   0 S 0 1  9   0.07619  -0.01040
0   0 S 0 1 10   0.10928   0.04089
0   0 S 0 1 11   0.04002  -0.09371
0   0 S 0 1 12   0.06299  -0.12247
0   0 S 0 1 13   0.17796  -0.10718
0   0 S 0 1 14   0.18842   0.05544
0   0 S 0 1 15  -0.17314  -0.14283
0   0 S 0 1 16   0.11386   0.11208
0   0 S 0 1 17  -0.07406   0.06497
0   0 S 0 1 18   0.01429   0.06919
0   0 S 0 1 19  -0.08205   0.01600
0   0 S 0 1 20   0.01990   0.10335
0   0 S 0 1 21   0.06568   0.12337
0   0 S 0 1 22   0.13184   0.09570
0   0 S 0 1 23   0.07344   0.07344
0   0 S 0 1 24   0.14454   0.14454
0   0 S 0 2  0  -0.00000  -0.00000
0   0 S 0 2  1  -0.00000  -0.00000
0   0 S 0 2  2  -0.00000  -0.00000
0   0 S 0 2  3  -0.00000  -0.00000
0   0 S 0 2  4  -0.00000  -0.00000
0   0 S 0 2  5  -0.00000  -0.00000
0   0 S 0 2  6  -0.00000  -0.00000
0   0 S 0 2  7  -0.00000  -0.00000
0   0 S 0 2  8  -0.00000  -0.00000
0   0 S 0 2  9  -0.00000  -0.00000
0   0 S 0 2 10  -0.00000  -0.00000
0   0 S 0 2 11  -0.00000  -0.00000
0   0 S 0 2 12  -0.00000  -0.00000
0   0 S 0 2 13  -0.00000  -0.00000
0   0 S 0 2 14  -0.00000  -0.00000
0   0 S 0 2 15  -0.00000  -0.00000
0   0 S 0 2 16  -0.00000  -0.00000
0   0 S 0 2 17  -0.00000  -0.00000
0   0 S 0 2 18  -0.00000  -0.00000
0   0 S 0 2 19  -0.00000  -0.00000
0   0 S 0 2 20  -0.00000  -0.00000
0   0 S 0 2 21  -0.00000  -0.00000
0   0 S 0 2 22  -0.00000  -0.00000
0   0 S 0 2 23  -0.00000  -0.00000
0   0 S 0 2 24  -0.00000  -0.00000
0   0 K  0 -0.09084 -0.20067 -0.19098 -0.24942 -0.23148 -0.08727 -0.12691 -0.16069 -0.20387 -0.08057 -0.09267 -0.14807 -0.08469 -0.17952 -0.12544 -0.10390 -0.01106 -0.06917 -0.01759 -0.10476 -0.05566 -0.06644 -0.09559 -0.03975 -0.00950 -0.11927 -0.03850 -0.04956 -0.19078 -0.18257 -0.06100  0.00262
0   0 K  1 -0.01969 -0.09429 -0.08768 -0.08585 -0.19456 -0.03594 -0.02457 -0.09764 -0.06009 -0.05395 -0.07437  0.03258 -0.02436 -0.08360  0.04587  0.06158 -0.00548  0.08040  0.05049  0.10451  0.07469  0.06898  0.03655  0.07824 -0.01945  0.15307  0.01812  0.05170 -0.10717 -0.10558 -0.01885  0.08063
0   0 K  2  0.03874 -0.05481 -0.04475 -0.07271 -0.01327 -0.16024 -0.07829  0.00042 -0.04979  0.01463 -0.00056  0.04577  0.00921 -0.04535  0.07072 -0.01157  0.04180 -0.02398  0.04564  0.12507  0.16477  0.10437  0.10978  0.15689  0.06147  0.08723  0.09584  0.12442 -0.05657  0.05376  0.06793  0.10557
0   0 K  3  0.12452 -0.10868 -0.09305 -0.05138 -0.06630 -0.04672 -0.02103 -0.04116  0.00677 -0.12453 -0.00386  0.04971  0.05728 -0.08572 -0.03333  0.15277  0.02340  0.07434  0.06398  0.08614  0.07684  0.19229  0.06543  0.06257  0.03957  0.03715  0.06029  0.08230  0.03433 -0.00968  0.00886  0.14043
0   0 K  4  0.04885 -0.05913  0.07725  0.00688  0.04261  0.02799 -0.04272 -0.02571  0.05461  0.05006  0.02458  0.10521  0.05673  0.03482  0.06452  0.05380  0.09660  0.13072  0.16876  0.07983  0.07599  0.02201  0.08081  0.16629  0.10563  0.07868  0.09713  0.16292  0.07881  0.06652  0.06915  0.15831
0   0 K  5  0.11398 -0.06327 -0.10376 -0.07665 -0.07409  0.01853 -0.04233  0.11066 -0.05469 -0.02506 -0.01408 -0.04299  0.08698 -0.06260  0.02867  0.08661  0.11727  0.07046  0.10937  0.10839  0.10364  0.14050  0.09524  0.00854  0.04848  0.06356  0.10717  0.11549  0.04658 -0.04618  0.01653  0.05681
0   0 K  6  0.15227  0.18737  0.09892  0.16616  0.08341  0.11957  0.20174  0.17488  0.27979  0.13579  0.21111  0.26329  0.14976  0.24342  0.33093  0.12426  0.33729  0.21314  0.22952  0.22641  0.32168  0.18114  0.27842  0.33497  0.27291  0.21239  0.20960  0.21891  0.17017  0.21593  0.16092  0.26719
0   0 K  7  0.15249  0.05074  0.07039  0.13231  0.11575  0.21023  0.10258  0.18769  0.17597  0.09517  0.15341  0.17453  0.31767  0.14576  0.27470  0.16577  0.26661  0.28051  0.20231  0.28448  0.17728  0.30346  0.27598  0.23099  0.23221  0.27900  0.20087  0.23136  0.13425  0.13343  0.20159  0.25515
0   0 K  8  0.22147  0.07930  0.17277  0.07691 -0.03788  0.11203  0.16491  0.07228  0.14258  0.00857  0.14752  0.21265  0.23652  0.17853  0.25042  0.10860  0.24311  0.25302  0.10414  0.33143  0.29832  0.06152  0.11439  0.09296  0.15159  0.15936  0.27190  0.08453  0.10058  0.07190  0.14200  0.19441
0   0 K  9  0.36615  0.21632  0.30654  0.26194  0.20886  0.46270  0.35653  0.30547  0.39874  0.41723  0.39230  0.41073  0.45349  0.29741  0.44019  0.47338  0.55868  0.43709  0.46867  0.43060  0.41937  0.40501  0.39993  0.43780  0.29914  0.51625  0.30768  0.37532  0.26864  0.20204  0.28116  0.43974
0   0 K 10  0.66438  0.47976  0.46355  0.41147  0.51791  0.66574  0.66759  0.50538  0.63209  0.51626  0.69245  0.68247  0.67580  0.49926  0.68068  0.73189  0.66578  0.66531  0.62825  0.66837  0.68610  0.68515  0.65001  0.62082  0.62338  0.57060  0.59500  0.65612  0.51945  0.57155  0.50089  0.64556
0   0 K 11  0.52689  0.53496  0.44712  0.48613  0.43631  0.63050  0.67275  0.45849  0.62702  0.54737  0.55145  0.67676  0.77865  0.64164  0.70391  0.67526  0.63254  0.70261  0.61210  0.73931  0.71244  0.62154  0.70667  0.65460  0.74953  0.69813  0.64316  0.64274  0.72504  0.52091  0.76045  0.60072
0   0 K 12  0.70993  0.51667  0.46535  0.49333  0.48497  0.76097  0.57010  0.50003  0.55758  0.73317  0.60811  0.68700  0.66404  0.52309  0.74546  0.71344  0.64284  0.77000  0.62522  0.73195  0.90096  0.80111  0.80165  0.74555  0.74344  0.81637  0.76300  0.86640  0.64251  0.70802  0.49665  0.75649
0   0 K 13  1.15718  1.08078  0.82210  0.95564  0.77448  0.75481  1.09537  1.05984  0.97945  1.07127  1.14027  1.13339  1.18749  0.92466  1.25701  1.35362  1.11767  1.11912  1.14174  1.05891  1.11797  1.21420  1.23527  1.20274  1.16134  1.14051  1.13910  1.13985  1.05934  1.10430  1.10993  1.06167
0   0 K 14  1.48234  1.25446  1.23604  1.18191  1.10517  1.46403  1.55374  1.23668  1.25851  1.20365  1.50913  1.41851  1.51634  1.26984  1.66198  1.60167  1.59111  1.48126  1.58881  1.62672  1.59227  1.58861  1.78642  1.46973  1.46209  1.73750  1.50195  1.79053  1.37939  1.40495  1.32348  1.47299
0   0 K 15  0.04349  0.05922  0.21431  0.09077 -0.15911  0.04034  0.21952  0.28199 -0.02273  0.10080  0.05747  0.77608  0.68763  0.44325  0.64534  0.72524  0.39853  0.72409  0.67210  0.59741  0.64305  0.74606  0.50975  0.58053  0.75563  0.67709  0.92987  0.45576  0.28612  0.53690  0.49042  0.19069
0   0 K 16  1.27730  1.22275  1.51268  1.25206  1.32470  1.37172  1.27471  1.21994  1.29590  1.11960  1.38106  1.69704  1.81497  1.87554  1.78819  1.63352  1.89204  1.75756  1.78000  1.55608  1.81986  1.76944  1.78341  1.70498  1.80533  1.95175  1.93322  1.51234  1.75038  1.64824  1.71359  1.85924
0   0 K 17  0.46341  0.50726  0.61231  0.40814  0.38585  0.65270  0.44343  0.55599  0.43952  0.56428  0.63200  1.07979  1.18791  1.02627  1.16549  1.31762  1.15258  1.05070  1.07090  0.96060  1.03519  1.20988  0.84889  1.16443  1.12901  1.13184  0.96317  1.08749  0.83114  1.17154  0.99234  1.15818
0   0 K 18  1.29740  1.30723  1.25245  1.34362  1.34057  1.36207  1.24217  1.06825  1.30739  1.34962  1.43639  1.80788  1.75344  1.62973  1.70480  1.82152  1.69765  1.79249  1.74814  1.66104  1.69933  1.64333  1.74669  1.59557  1.79970  1.75288  1.86110  1.83451  1.78826  1.85576  1.71729  1.91207
0   0 K 19  0.65719  0.56853  0.56831  0.64349  0.59051  0.47673  0.54429  0.36411  0.57346  0.25290  0.73052  1.13075  1.18191  1.07030  1.00002  1.11095  0.99688  1.01503  0.87626  0.96567  0.93140  1.11102  1.07975  1.15551  0.97070  1.17751  1.12411  1.22998  0.98838  1.12582  0.96558  1.08782
0   0 K 20  0.78452  0.55530  0.33202  0.41321  0.43014  0.61605  0.37221  0.28802  0.30158  0.20586  0.53459  1.10684  1.15004  0.95518  0.84777  0.86638  0.97585  0.88199  0.85559  0.94368  0.96644  0.91802  0.99399  0.92765  0.92087  0.94052  1.10859  0.83265  0.99565  0.83306  0.91522  0.90081
0   0 K 21  0.92697  0.64067  0.43544  0.17715  0.08424  0.26689  0.10344  0.35329  0.06891  0.01302  0.31228  1.02895  1.10998  0.98002  0.79262  0.84075  0.79705  0.83351  0.92667  0.79429  0.90481  0.96845  0.77062  0.83109  0.80428  0.99835  0.83583  0.72304  0.83626  0.93863  0.73654  0.60675
0   0 K 22  1.24092  1.12754  0.71972  0.54910  0.36460  0.40327  0.36384  0.30328  0.27110  0.46432  0.70873  1.44488  1.59491  1.22016  0.99524  0.89875  0.94865  0.96953  0.96913  1.06508  0.95989  0.97574  0.88499  1.05736  0.99415  1.18120  1.00654  1.15536  1.33047  0.92257  0.95406  0.93753
0   0 K 23  0.24492  0.12520 -0.20749 -0.24594 -0.39231 -0.31229 -0.34268 -0.39280 -0.38391 -0.78101 -0.12167  0.40201  0.55725  0.30918  0.00792  0.04390 -0.01083  0.09399  0.20825  0.20714  0.20086  0.31286  0.08387  0.33300  0.35662  0.13463  0.22954  0.72446  0.55826  0.27509  0.08217  0.23000
0   0 K 24  0.36324  0.14679  0.03222 -0.00442  0.17627 -0.04471  0.02972 -0.15789  0.13543 -0.01034  0.15270  0.68079  0.58944  0.00040 -0.05225 -0.04403  0.09077  0.13163  0.27199  0.53197  0.48431  0.52792  0.63337  0.48090  0.51596  0.74317  0.60317  0.92458  0.46042  0.33480  0.30676  0.55147
0   0 C 1  0  0.73048 -0.21290 -0.72477 -0.35133 -0.76676 -0.35923 -0.02151  0.34745  0.19254  0.21929  0.04820  0.31878  0.14767  0.39282  0.20488  0.56314
0   0 C 1  1  0.40264 -0.27147 -0.71376 -0.10552 -0.74927 -0.54018  0.04643  0.31984  0.93470  0.52179 -0.34607  0.27272  0.22055 -0.15663 -0.16568  0.57737
0   0 C 1  2  0.41155  0.14905 -0.20284 -0.10602 -0.12101  0.20884  0.05777  0.13326  0.59883  0.53081  0.33052  0.52801  0.34310  0.31121 -0.05489  0.64780
0   0 C 1  3 -0.07580 -0.41437  0.17505  0.51513 -0.22053  0.10829  0.39754  0.41466 -0.06838  0.08420  0.26728  0.98215  0.64943  0.33718  0.19440  0.60332
0   0 C 1  4  0.53616  0.33642 -0.24537 -0.01731  0.74641  0.16549  0.06891  0.30321  0.43857  0.54121  0.12126  0.72345  0.98633  0.32024 -0.07334  0.09383
0   0 C 1  5  0.02626 -0.35766  0.30838  0.30222  0.13660  0.34272  0.25474  0.11539 -0.31336  0.14326  0.16247  0.41864  0.40838  0.29433  0.05347 -0.17055
0   0 C 1  6  0.25908  0.62470 -0.04503  0.10553  0.21519  0.66587  0.05350  0.18087  0.10930  0.21194  0.09470  0.12062  0.23156  0.50890 -0.19999 -0.34380
0   0 C 1  7  0.12420  0.03939 -0.18348 -0.15567 -0.03069  0.08005  0.10034  0.26503 -0.25063  0.11328 -0.15384 -0.11530  0.04486  0.28282  1.04021 -0.06376
0   0 C 1  8  0.23915  0.20923  0.14851  0.23818 -0.15982  0.06639  0.04964 -0.10235 -0.27568 -0.17946  0.07294 -0.18064 -0.21872  0.31308  0.87225  0.36361
0   0 C 1  9  0.33542  0.41883  0.52542  0.33118  0.84906 -0.25458  0.21900 -0.02187 -0.71254 -0.48666  0.37786 -0.45805 -0.30236  0.01854  0.19876 -0.14825
0   0 C 1 10  0.82148 -0.00978 -0.24656  0.21477  0.04068 -0.34671  0.50586 -0.24825  0.23114  0.06777 -0.04113 -0.02358  0.10246 -0.30368  0.35124  0.40973
0   0 C 1 11  0.16114  0.37908 -0.13720  0.06546  0.14433 -0.25767  0.53394  0.04848  0.22589  0.09664  0.01793  0.21529  0.38005 -0.02254  0.43618  0.05759
0   0 C 1 12 -0.31666 -0.01466 -0.18057  0.17383  0.15160 -0.15922  0.09306 -0.33847 -0.22624 -0.20756 -0.31022  0.01321  0.08130 -0.24720  0.10401 -0.20508
0   0 C 1 13 -0.23309 -0.15231 -0.13580 -0.02983  0.18365  0.05361  0.01080 -0.15292 -0.17284 -0.13477 -0.35547  0.00208  0.03272  0.01444  0.03253 -0.09490
0   0 C 1 14 -0.15583 -0.08701 -0.22665 -0.01785 -0.10320 -0.23027 -0.02159 -0.06887 -0.12522 -0.19793 -0.20286 -0.11489  0.00819 -0.15585  0.09219 -0.23761
0   0 C 1 15 -0.16848 -0.10742 -0.29063 -0.38463 -0.26747 -0.27871 -0.02294  0.01886 -0.14725 -0.15489  0.00057 -0.09272 -0.10211  0.12848 -0.04798 -0.09579
0   0 C 1 16  0.00544 -0.11467 -0.08131  0.13723 -0.03463 -0.19867 -0.01763 -0.07896 -0.06315  0.02806  0.15596  0.04637  0.07129 -0.02545  0.16076 -0.05650
0   0 C 1 17 -0.08761 -0.06337  0.12293  0.01141 -0.12951 -0.00633 -0.10173 -0.10643 -0.12730 -0.14221  0.02955 -0.11586 -0.14713  0.02060 -0.12941 -0.15022
0   0 C 1 18  0.00702  0.03484 -0.07775  0.10744 -0.00598 -0.19742 -0.15173 -0.05969 -0.13934  0.04351  0.14554 -0.09724 -0.03368 -0.09493  0.04898 -0.05500
0   0 C 1 19  0.03580  0.02145  0.00842  0.07660  0.04049 -0.14787 -0.15772  0.03406 -0.12326  0.01148  0.04812  0.00590 -0.03566 -0.14856  0.09579  0.04109
0   0 C 1 20  0.07081 -0.00592 -0.06019 -0.03175 -0.04676 -0.06467 -0.02054 -0.00864  0.00248 -0.08923  0.00264 -0.02226 -0.06193 -0.08444  0.05121  0.06610
0   0 C 1 21  0.08675  0.00163  0.03045  0.07018 -0.01907  0.02132 -0.01324 -0.04454  0.05460  0.06725  0.08437  0.06097  0.01390 -0.11647  0.09221  0.05653
0   0 C 1 22 -0.01425 -0.04718 -0.00153  0.06787 -0.03949 -0.13087  0.01816 -0.00371  0.11863 -0.02648  0.00953 -0.02831 -0.03180 -0.10755  0.01730  0.02483
0   0 C 1 23  0.05600  0.16379 -0.01678 -0.06148 -0.11988 -0.14276  0.01517  0.09698 -0.04263  0.03656  0.09201 -0.05288 -0.16319 -0.09299  0.10380  0.00369
0   0 C 1 24  0.04064  0.08101  0.03842  0.09403 -0.01812  0.00392  0.00737  0.09492  0.07366  0.06604  0.25946 -0.01017 -0.06900  0.03877 -0.00226  0.06006
0   0 C 1 25  0.02643 -0.03643 -0.01036 -0.18291 -0.18512 -0.01718  0.00157  0.05996  0.15815  0.08174  0.01097 -0.08091 -0.25490 -0.09337 -0.01296  0.07565
0   0 C 1 26  0.08251  0.02332  0.04075  0.00911 -0.02453  0.16130  0.04060  0.15502  0.14836  0.02168  0.06326 -0.12640  0.01864 -0.11073 -0.16103  0.01487
0   0 C 1 27 -0.01110  0.14164 -0.02648  0.06183 -0.01979  0.13249  0.00876  0.10890  0.09108  0.06509 -0.00067 -0.11867 -0.02101  0.00944 -0.06937 -0.03581
0   0 C 1 28 -0.06883  0.05026 -0.02760  0.02673  0.04805 -0.02898 -0.03873 -0.02214  0.09897  0.03775  0.07373 -0.13701 -0.12389 -0.12827 -0.06378 -0.00912
0   0 C 1 29  0.04531  0.11667  0.04925  0.03717  0.00034  0.22918  0.05718  0.05260  0.03517  0.05171  0.04960 -0.10957 -0.13400  0.00957 -0.01595 -0.00212
0   0 C 1 30 -0.00415  0.01426  0.09994 -0.01571 -0.01869  0.24168  0.03280  0.04202  0.08922  0.01190  0.14062 -0.07080 -0.08648 -0.00803 -0.09140 -0.01436
0   0 C 1 31  0.02485 -0.06113  0.11667  0.16072  0.02822  0.12414 -0.00753 -0.01820  0.17613  0.07119  0.05953 -0.06485 -0.02233 -0.00316 -0.00405  0.02673
0   0 C 1 32  0.02938 -0.00700  0.07697  0.13721  0.02294  0.23247  0.03065  0.13794  0.21345  0.20287  0.10137  0.05631  0.02646  0.05062 -0.00353  0.01255
0   0 C 1 33  0.00378 -0.06057 -0.03761  0.10972 -0.01797  0.01971  0.01118  0.12118  0.05931  0.01716  0.03545  0.03183  0.02932 -0.12408  0.03016 -0.01223
0   0 C 1 34  0.04063  0.04329  0.03088  0.13139  0.19375  0.12798  0.21674  0.33870  0.18193  0.21774  0.07710  0.11621  0.25083 -0.00631  0.05341  0.11631
0   0 C 1 35  0.15789  0.11836 -0.00834  0.22437  0.17728  0.14478  0.15614  0.17528  0.26267  0.17176  0.11610  0.04681 -0.06630 -0.02212  0.08979  0.07331
0   0 C 1 36 -0.04848  0.22271  0.02099  0.28159  0.12582  0.22293 -0.08168 -0.07032  0.15730  0.14097 -0.03621  0.17761  0.07077  0.03208  0.05688 -0.07660
0   0 C 1 37 -0.19122  0.22790  0.11441  0.31143  0.08432  0.13463  0.45769  0.02482  0.04391  0.25192  0.04991  0.18536  0.52989  0.00349  0.02825 -0.23566
0   0 C 1 38 -0.20149  0.28462 -0.28304 -0.12865 -0.08665 -0.30175 -0.06236 -0.32930 -0.08756 -0.07164 -0.25454  0.01704  0.05724 -0.23156 -0.17873 -0.30769
0   0 C 1 39  0.03022  1.24968 -0.12908 -0.32402 -0.27227 -0.38347 -0.11372  0.45241  0.15948 -0.21744 -0.61917 -0.02752 -0.21980 -0.21354  0.41127  0.06906
0   0 C 1 40 -0.17234  0.17158 -0.37872  0.16481  0.07752  0.12186  0.31644  0.05937 -0.61730  0.16109 -0.23735  0.04334 -0.21895 -0.10439  0.07161 -0.30927
0   0 C 1 41 -0.26174 -0.12491  0.04147  0.01232  0.03994  0.11403  0.14642  0.03360 -0.19281 -0.07738  0.35304 -0.57966 -0.20260 -0.07012 -0.11599 -0.39530
0   0 C 1 42 -0.16457 -0.06667  0.07792 -0.06434 -0.14023  0.01909  0.09391 -0.04233 -0.10846 -0.09260  0.28872 -0.17665 -0.00804  0.01298 -0.04095 -0.38699
0   0 C 1 43 -0.41678 -0.16019 -0.27689 -0.41223 -0.21619 -0.16116  0.03923 -0.20715 -0.17830 -0.25639  0.29390  0.16313 -0.18667 -0.37817  0.05472 -0.52472
0   0 C 1 44 -0.14957  0.22465 -0.20814 -0.02936 -0.10898 -0.07997 -0.08997 -0.23528 -0.34168 -0.38866  0.08907 -0.27510  0.21479  0.24542 -0.29735 -0.63701
0   0 C 1 45 -0.64726 -0.06308 -0.60509 -0.17240 -0.21096 -0.19659 -0.47311  0.05549 -0.61461 -0.54258 -0.16172  0.47026 -0.24944 -0.55192  0.00318 -0.27353
0   0 C 1 46 -0.27287 -0.11412 -0.22182 -0.22291 -0.29429 -0.05185  0.09731  0.08926 -0.26761  0.02433 -0.52640 -0.55680 -0.17098 -0.28532 -0.38995 -0.60854
0   0 C 1 47 -0.32896 -0.28694 -0.45878 -0.53391 -0.18828 -0.30074 -0.67771  0.25013 -0.25321  0.04192 -0.12567 -0.47779 -0.03934  0.02132 -0.16258 -0.13841
0   0 C 1 48 -0.21169 -0.08716 -0.54145 -0.40600 -0.07620 -0.57533  0.18434  0.54626  0.75755 -0.22180 -0.02983 -0.19058  0.11687 -0.27604 -0.24147  0.37382
0   0 C 1 49 -0.45906 -0.60514  0.01477  0.01669 -0.11150  0.55434  0.03468  0.23241  0.82359 -0.02524 -0.02238  0.63151 -0.42687 -0.55864 -1.04875 -0.50010
0   0 S 1 0  0   1.08041   0.11511
0   0 S 1 0  1  -0.20559   0.33840
0   0 S 1 0  2   0.13041   0.39326
0   0 S 1 0  3  -0.36348   0.56809
0   0 S 1 0  4  -0.20892  -0.33219
0   0 S 1 0  5  -0.05318   0.27216
0   0 S 1 0  6  -0.05883  -0.08678
0   0 S 1 0  7  -0.28342  -0.10073
0   0 S 1 0  8  -0.25466  -0.11304
0   0 S 1 0  9   0.19850  -0.85394
0   0 S 1 0 10  -0.00956  -0.85884
0   0 S 1 0 11   0.94182  -0.98316
0   0 S 1 0 12  -0.24077  -1.18417
0   0 S 1 0 13   0.20138  -0.26704
0   0 S 1 0 14   0.47000  -1.32610
0   0 S 1 0 15   2.55439  -1.72190
0   0 S 1 0 16   1.50259  -0.35781
0   0 S 1 0 17   1.71932  -0.56334
0   0 S 1 0 18   1.61517  -0.01834
0   0 S 1 0 19   1.50781   0.60043
0   0 S 1 0 20   1.10929  -1.09811
0   0 S 1 0 21   2.37955  -0.12473
0   0 S 1 0 22  -0.29072   0.07106
0   0 S 1 0 23  -0.49389  -0.49389
0   0 S 1 0 24  -0.16501  -0.16501
0   0 S 1 1  0  -0.03240   0.06865
0   0 S 1 1  1   0.13065   0.01687
0   0 S 1 1  2   0.13294  -0.00034
0   0 S 1 1  3   0.21643   0.03030
0   0 S 1 1  4   0.13431   0.11426
0   0 S 1 1  5   0.17233   0.03410
0   0 S 1 1  6   0.14958   0.10980
0   0 S 1 1  7   0.21416   0.09994
0   0 S 1 1  8   0.22818   0.07919
0   0 S 1 1  9   0.19557   0.20844
0   0 S 1 1 10   0.25302   0.16591
0   0 S 1 1 11   0.03958   0.06924
0   0 S 1 1 12   0.25596   0.15948
0   0 S 1 1 13   0.22999  -0.11080
0   0 S 1 1 14   0.20771   0.20434
0   0 S 1 1 15   0.07211   0.28883
0   0 S 1 1 16   0.18021   0.15267
0   0 S 1 1 17   0.06860   0.28953
0   0 S 1 1 18   0.12012   0.15984
0   0 S 1 1 19   0.12428   0.09940
0   0 S 1 1 20   0.30710   0.39522
0   0 S 1 1 21   0.08874   0.27852
0   0 S 1 1 22   0.32241   0.21541
0   0 S 1 1 23   0.31866   0.31866
0   0 S 1 1 24   0.38402   0.38402
0   0 S 1 2  0   0.13625   0.05706
0   0 S 1 2  1   0.01463   0.06611
0   0 S 1 2  2   0.06086   0.07174
0   0 S 1 2  3   0.01050   0.11585
0   0 S 1 2  4   0.00000   0.01265
0   0 S 1 2  5   0.04024   0.07464
0   0 S 1 2  6   0.02865   0.04961
0   0 S 1 2  7   0.01645   0.04981
0   0 S 1 2  8   0.02373   0.04868
0   0 S 1 2  9   0.07669   0.00958
0   0 S 1 2 10   0.06804   0.01646
0   0 S 1 2 11   0.13479   0.01371
0   0 S 1 2 12   0.04302   0.00000
0   0 S 1 2 13   0.10126   0.04628
0   0 S 1 2 14   0.13368   0.01197
0   0 S 1 2 15   0.37825   0.02220
0   0 S 1 2 16   0.26211   0.12701
0   0 S 1 2 17   0.25481   0.11691
0   0 S 1 2 18   0.24803   0.14725
0   0 S 1 2 19   0.23046   0.19083
0   0 S 1 2 20   0.20944   0.04885
0   0 S 1 2 21   0.32248   0.12780
0   0 S 1 2 22   0.00000   0.12510
0   0 S 1 2 23   0.05069   0.05069
0   0 S 1 2 24   0.13677   0.13677
0   0 F  0   1.01665   1.01665   1.00367   1.00367   1.00818   1.00818   0.99168   0.99168   0.99193   0.99193   0.99677   0.99677   0.99965   0.99965   0.99258   0.99258   0.99258   0.99258   0.99316   0.99316   0.99285   0.99285   0.98696   0.98696   0.97333
0   0 F  1   1.05508   1.05508   1.06423   1.06423   1.02070   1.02070   1.05558   1.05558   1.01228   1.01228   1.04539   1.04539   1.08251   1.08251   1.07749   1.07749   1.06224   1.06224   1.03250   1.03250   0.99887   0.99887   0.94020   0.94020   0.92336
0   0 F  2   1.07504   1.07504   1.06229   1.06229   1.07603   1.07603   1.06188   1.06188   1.04325   1.04325   1.05560   1.05560   1.07206   1.07206   1.09086   1.09086   1.04028   1.04028   1.03470   1.03470   1.02527   1.02527   0.94874   0.94874   0.88987
0   0 F  3   1.06832   1.06832   1.05179   1.05179   1.05194   1.05194   1.04851   1.04851   1.04163   1.04163   1.06130   1.06130   1.07346   1.07346   1.08665   1.08665   1.04974   1.04974   1.04232   1.04232   1.03294   1.03294   0.95770   0.95770   0.90049
0   0 F  4   1.10129   1.10129   1.10166   1.10166   1.04666   1.04666   1.06326   1.06326   1.05963   1.05963   1.09634   1.09634   1.07528   1.07528   1.11519   1.11519   1.07421   1.07421   1.07408   1.07408   1.02888   1.02888   0.94325   0.94325   0.86599
0   0 F  5   1.12417   1.12417   1.10795   1.10795   1.05251   1.05251   1.06699   1.06699   1.05284   1.05284   1.08674   1.08674   1.08290   1.08290   1.10971   1.10971   1.07728   1.07728   1.04301   1.04301   1.04824   1.04824   0.93470   0.93470   0.85071
0   0 F  6   1.11911   1.11911   1.08160   1.08160   1.04178   1.04178   1.08158   1.08158   1.06828   1.06828   1.09178   1.09178   1.09654   1.09654   1.11222   1.11222   1.07132   1.07132   1.04909   1.04909   1.03714   1.03714   0.93898   0.93898   0.91657
0   0 F  7   1.12576   1.12576   1.09426   1.09426   1.08493   1.08493   1.08855   1.08855   1.08314   1.08314   1.11362   1.11362   1.10039   1.10039   1.13149   1.13149   1.08336   1.08336   1.06946   1.06946   1.05575   1.05575   0.98895   0.98895   0.89078
0   0 F  8   1.11317   1.11317   1.09879   1.09879   1.07888   1.07888   1.09273   1.09273   1.07501   1.07501   1.09492   1.09492   1.11503   1.11503   1.12191   1.12191   1.09355   1.09355   1.08472   1.08472   1.04863   1.04863   0.99358   0.99358   0.88581
