NSET 1
NMEM 1
CPHI 16 
CETA 50 -2.50 -2.40 -2.30 -2.20 -2.10 -2.00 -1.90 -1.80 -1.70 -1.60 -1.50 -1.40 -1.30 -1.20 -1.10 -1.00 -0.90 -0.80 -0.70 -0.60 -0.50 -0.40 -0.30 -0.20 -0.10  0.00  0.10  0.20  0.30  0.40  0.50  0.60  0.70  0.80  0.90  1.00  1.10  1.20  1.30  1.40  1.50  1.60  1.70  1.80  1.90  2.00  2.10  2.20  2.30  2.40  2.50 
RMIN  0 
NEXT  2  0.00  0.95  1.20 
RETA 25  0.00  0.10  0.20  0.30  0.40  0.50  0.60  0.70  0.80  0.90  1.00  1.10  1.20  1.30  1.40  1.50  1.60  1.70  1.80  1.90  2.00  2.10  2.20  2.30  2.40  2.50 
KRUN 32 278768 278819 278874 278968 279115 279653 279693 279715 279765 279822 279930 279965 280016 280193 280329 280384 281692 281726 281796 282036 282091 282734 282841 283269 283305 283357 283407 283681 283864 283876 283933 283945 284045 
FRUN  8 0.000 0.117 0.240 0.368 0.491 0.613 0.750 0.873 1.000 
0   0 T 0  0    0.00000   0.32693   1.00000
0   0 T 0  1    0.00000   0.33606   1.00000
0   0 T 0  2    0.00000   0.37751   1.00000
0   0 T 0  3    0.00000   0.42395   1.00000
0   0 T 0  4    0.00000   0.45533   1.00000
0   0 T 0  5    0.00000   0.47940   1.00000
0   0 T 0  6    0.00000   0.50643   1.00000
0   0 T 0  7    0.00000   0.54511   1.00000
0   0 T 0  8    0.00000   0.61372   1.00000
0   0 T 0  9    0.00000   0.69864   1.00000
0   0 T 0 10    0.00000   0.79684   1.00000
0   0 T 0 11    0.00000   0.88550   1.00000
0   0 T 0 12    0.00000   0.91898   1.00000
0   0 T 0 13    0.00000   0.93324   1.00000
0   0 T 0 14    0.00000   0.92673   1.00000
0   0 T 0 15    0.00000   0.84336   1.00000
0   0 T 0 16    0.00000   0.81946   1.00000
0   0 T 0 17    0.00000   0.77791   1.00000
0   0 T 0 18    0.00000   0.69848   1.00000
0   0 T 0 19    0.00000   0.58581   1.00000
0   0 T 0 20    0.00000   0.47853   1.00000
0   0 T 0 21    0.00000   0.37711   1.00000
0   0 T 0 22    0.00000   0.27940   1.00000
0   0 T 0 23    0.00000   1.00000   1.00000
0   0 T 0 24    0.00000   1.00000   1.00000
0   0 T 1  0    0.00000   0.32058   1.00000
0   0 T 1  1    0.00000   0.32400   1.00000
0   0 T 1  2    0.00000   0.36971   1.00000
0   0 T 1  3    0.00000   0.42739   1.00000
0   0 T 1  4    0.00000   0.45791   1.00000
0   0 T 1  5    0.00000   0.47775   1.00000
0   0 T 1  6    0.00000   0.50431   1.00000
0   0 T 1  7    0.00000   0.53825   1.00000
0   0 T 1  8    0.00000   0.61653   1.00000
0   0 T 1  9    0.00000   0.70763   1.00000
0   0 T 1 10    0.00000   0.79744   1.00000
0   0 T 1 11    0.00000   0.88285   1.00000
0   0 T 1 12    0.00000   0.91519   1.00000
0   0 T 1 13    0.00000   0.92901   1.00000
0   0 T 1 14    0.00000   0.92242   1.00000
0   0 T 1 15    0.00000   0.86683   1.00000
0   0 T 1 16    0.00000   0.82490   1.00000
0   0 T 1 17    0.00000   0.78363   1.00000
0   0 T 1 18    0.00000   0.69831   1.00000
0   0 T 1 19    0.00000   0.59410   1.00000
0   0 T 1 20    0.00000   0.47582   1.00000
0   0 T 1 21    0.00000   0.35719   1.00000
0   0 T 1 22    0.00000   0.26819   1.00000
0   0 T 1 23    0.00000   1.00000   1.00000
0   0 T 1 24    0.00000   1.00000   1.00000
0   0 R 0  0       0.000967       0.007065 
0   0 R 0  1       0.001034       0.006964 
0   0 R 0  2       0.006251       0.003398 
0   0 R 0  3       0.005283       0.004970 
0   0 R 0  4       0.004547       0.002273 
0   0 R 0  5       0.004473       0.003627 
0   0 R 0  6       0.003615       0.005196 
0   0 R 0  7       0.003243       0.001785 
0   0 R 0  8       0.001801       0.005180 
0   0 R 0  9       0.003822       0.006188 
0   0 R 0 10       0.005797       0.006373 
0   0 R 0 11       0.002035       0.006276 
0   0 R 0 12       0.007246       0.007780 
0   0 R 0 13       0.005672       0.003193 
0   0 R 0 14       0.006491       0.002630 
0   0 R 0 15       0.012055       0.003375 
0   0 R 0 16       0.008015       0.005867 
0   0 R 0 17       0.003801       0.006717 
0   0 R 0 18       0.006423       0.005946 
0   0 R 0 19       0.003398       0.003992 
0   0 R 0 20       0.007025       0.008330 
0   0 R 0 21       0.005363       0.009929 
0   0 R 0 22       0.003855       0.007401 
0   0 R 0 23       0.018164       0.018164 
0   0 R 0 24       0.030280       0.030280 
0   0 R 1  0     103.796681       0.242297 
0   0 R 1  1      78.354701       5.748117 
0   0 R 1  2       0.000701      18.574637 
0   0 R 1  3       0.002307       9.507186 
0   0 R 1  4      15.388480      33.663863 
0   0 R 1  5      11.664706      15.503748 
0   0 R 1  6      14.728736       8.014584 
0   0 R 1  7      21.515703      42.262982 
0   0 R 1  8      51.678282       9.193494 
0   0 R 1  9      22.245827       0.001777 
0   0 R 1 10       9.502008       0.006603 
0   0 R 1 11      59.368463       1.029824 
0   0 R 1 12       1.522754      -0.003734 
0   0 R 1 13      15.186080      -0.002628 
0   0 R 1 14      16.274198      -1.557180 
0   0 R 1 15       6.602146      54.492851 
0   0 R 1 16      18.694385      23.781491 
0   0 R 1 17      38.410303      19.532331 
0   0 R 1 18      23.358952      24.608103 
0   0 R 1 19      43.823105      35.031089 
0   0 R 1 20      19.877100      15.617028 
0   0 R 1 21      28.981409      12.980296 
0   0 R 1 22      42.734995      18.870976 
0   0 R 1 23       4.369845       4.369845 
0   0 R 1 24     795.045809     795.045809 
0   0 R 2  0     177.394678     -97.701641 
0   0 R 2  1     419.522831      98.491161 
0   0 R 2  2     126.000406     -80.952233 
0   0 R 2  3     166.197236      86.561853 
0   0 R 2  4     171.323695    -150.392934 
0   0 R 2  5     168.498961     119.521383 
0   0 R 2  6     220.489179      96.973776 
0   0 R 2  7     237.853802     126.631268 
0   0 R 2  8     342.241904      99.477863 
0   0 R 2  9     194.499325     109.397701 
0   0 R 2 10     187.036880     123.931186 
0   0 R 2 11     552.912334     175.952461 
0   0 R 2 12     217.473469     129.287434 
0   0 R 2 13     244.615593     329.221321 
0   0 R 2 14     221.763023     462.171906 
0   0 R 2 15     152.925356      99.292547 
0   0 R 2 16     197.360248     200.631626 
0   0 R 2 17     323.928582     107.941198 
0   0 R 2 18     162.242436      92.378620 
0   0 R 2 19     258.085510     112.833408 
0   0 R 2 20     121.968337      57.162415 
0   0 R 2 21     137.114378     -41.098483 
0   0 R 2 22     190.178283     -45.858584 
0   0 R 2 23      32.008530      32.008530 
0   0 R 2 24   12092.633292   12092.633292 
0   0 R 3  0       2.643692       5.271419 
0   0 R 3  1      29.533708      10.057693 
0   0 R 3  2       8.691826       7.033873 
0   0 R 3  3      10.683871       3.183242 
0   0 R 3  4      12.172657      12.145447 
0   0 R 3  5       8.938355       5.670515 
0   0 R 3  6      15.343139       4.618753 
0   0 R 3  7      11.280454      10.902943 
0   0 R 3  8       5.113223       2.779390 
0   0 R 3  9       2.709899       2.992619 
0   0 R 3 10       6.032614       4.509788 
0   0 R 3 11      14.896633      10.809760 
0   0 R 3 12      10.920009       4.542680 
0   0 R 3 13       8.392212      13.812623 
0   0 R 3 14       6.618642       6.198294 
0   0 R 3 15      11.492262      12.881278 
0   0 R 3 16      11.605855      27.420711 
0   0 R 3 17      30.506718       5.136858 
0   0 R 3 18      17.202607    1554.100323 
0   0 R 3 19       5.766475       7.143970 
0   0 R 3 20       3.637957       6.220393 
0   0 R 3 21       1.120574       4.009002 
0   0 R 3 22       6.426523       4.738432 
0   0 R 3 23     684.331869     684.331869 
0   0 R 3 24      69.302074      69.302074 
0   0 R 4  0       1.401944      -0.526523 
0   0 R 4  1       0.084772      -0.739353 
0   0 R 4  2      -0.269533      -0.123865 
0   0 R 4  3      -0.265830      -0.051390 
0   0 R 4  4      -0.182307      -0.143332 
0   0 R 4  5      -0.081141      -0.099408 
0   0 R 4  6      -0.175944      -0.187172 
0   0 R 4  7       0.015277       0.122943 
0   0 R 4  8       0.638342       0.110948 
0   0 R 4  9       0.612180       0.031242 
0   0 R 4 10       0.139221      -0.064757 
0   0 R 4 11       0.315759      -0.278838 
0   0 R 4 12      -0.092736      -0.043376 
0   0 R 4 13       0.159553      -0.033675 
0   0 R 4 14       0.235541       0.256288 
0   0 R 4 15      -0.171201       8.696770 
0   0 R 4 16       0.035551      -0.264570 
0   0 R 4 17       0.048800       0.669771 
0   0 R 4 18       0.188785       5.291084 
0   0 R 4 19      17.090126       8.331462 
0   0 R 4 20       0.894552       3.619030 
0   0 R 4 21      23.024078       4.830762 
0   0 R 4 22       5.258167       1.685283 
0   0 R 4 23       6.447681       6.447681 
0   0 R 4 24      -1.735883      -1.735883 
0   0 R 6  0       0.856146       0.914442 
0   0 R 6  1       0.877768       0.931288 
0   0 R 6  2       0.896105       0.915634 
0   0 R 6  3       0.874698       0.877692 
0   0 R 6  4       0.821679       0.853282 
0   0 R 6  5       0.858111       0.862809 
0   0 R 6  6       0.859940       0.857461 
0   0 R 6  7       0.860679       0.857551 
0   0 R 6  8       0.885407       0.866969 
0   0 R 6  9       0.913633       0.867050 
0   0 R 6 10       0.922793       0.881311 
0   0 R 6 11       0.918576       0.900138 
0   0 R 6 12       0.946538       0.910380 
0   0 R 6 13       0.946743       0.905747 
0   0 R 6 14       0.934661       0.958173 
0   0 R 6 15       0.950183       0.971366 
0   0 R 6 16       0.945726       0.918238 
0   0 R 6 17       0.955059       0.901231 
0   0 R 6 18       0.972099       0.934075 
0   0 R 6 19       0.990525       0.962771 
0   0 R 6 20       0.988731       0.952087 
0   0 R 6 21       1.001836       0.979228 
0   0 R 6 22       1.021652       0.993022 
0   0 R 6 23       1.003751       1.003751 
0   0 R 6 24       0.975877       0.975877 
0   0 R 7  0       0.992396       1.046127 
0   0 R 7  1       1.051503       1.120343 
0   0 R 7  2       1.027812       1.011111 
0   0 R 7  3       0.963911       0.894698 
0   0 R 7  4       0.811709       0.789470 
0   0 R 7  5       0.915614       0.828483 
0   0 R 7  6       0.942818       0.820014 
0   0 R 7  7       0.949031       0.841052 
0   0 R 7  8       1.012579       0.901518 
0   0 R 7  9       1.105530       0.955518 
0   0 R 7 10       1.093871       0.952120 
0   0 R 7 11       1.065052       1.035255 
0   0 R 7 12       1.208411       1.091362 
0   0 R 7 13       1.162759       0.987389 
0   0 R 7 14       1.167451       1.245932 
0   0 R 7 15       1.228191       1.338364 
0   0 R 7 16       1.294547       1.205263 
0   0 R 7 17       1.281633       1.101085 
0   0 R 7 18       1.396632       1.177042 
0   0 R 7 19       1.539188       1.252982 
0   0 R 7 20       1.561475       1.283327 
0   0 R 7 21       1.691985       1.420308 
0   0 R 7 22       1.822771       1.566239 
0   0 R 7 23       1.657666       1.657666 
0   0 R 7 24       1.728778       1.728778 
0   0 R 8  0       3.934795       4.985565 
0   0 R 8  1       4.830579       4.622652 
0   0 R 8  2       6.200868       6.060292 
0   0 R 8  3       6.495397       7.447427 
0   0 R 8  4       6.204589       7.750816 
0   0 R 8  5       9.152716       9.014592 
0   0 R 8  6       8.381313       9.336050 
0   0 R 8  7       5.803267       6.964585 
0   0 R 8  8       5.870338       6.529116 
0   0 R 8  9       5.528072       5.384132 
0   0 R 8 10       7.874611       8.070382 
0   0 R 8 11       7.543801       6.560181 
0   0 R 8 12       7.178449       5.486234 
0   0 R 8 13      10.896140       9.789108 
0   0 R 8 14       5.728735       3.240022 
0   0 R 8 15       4.489666       3.304961 
0   0 R 8 16       5.888757       5.678244 
0   0 R 8 17       5.199911       5.618174 
0   0 R 8 18       4.984113       7.673119 
0   0 R 8 19       4.915961       9.886193 
0   0 R 8 20       4.079804       7.389996 
0   0 R 8 21       3.371506       7.000139 
0   0 R 8 22       3.377639       6.040063 
0   0 R 8 23       4.802220       4.802220 
0   0 R 8 24       7.778263       7.778263 
0   0 R 9  0       1.488159       2.013061 
0   0 R 9  1       1.484573       2.065026 
0   0 R 9  2       1.630694       2.131183 
0   0 R 9  3       1.661408       2.102927 
0   0 R 9  4       1.660281       2.045665 
0   0 R 9  5       1.610893       2.017478 
0   0 R 9  6       1.575430       1.999604 
0   0 R 9  7       1.675373       1.930552 
0   0 R 9  8       1.744407       2.187079 
0   0 R 9  9       1.879061       2.354390 
0   0 R 9 10       1.952118       2.430891 
0   0 R 9 11       2.125571       2.519496 
0   0 R 9 12       2.227462       2.787954 
0   0 R 9 13       2.220989       2.376431 
0   0 R 9 14       2.381514       2.446097 
0   0 R 9 15       2.139114       2.790185 
0   0 R 9 16       2.394258       2.856755 
0   0 R 9 17       2.609591       2.493775 
0   0 R 9 18       2.511239       2.892971 
0   0 R 9 19       2.423621       2.422253 
0   0 R 9 20       2.382659       2.932413 
0   0 R 9 21       2.361328       3.001067 
0   0 R 9 22       2.323685       2.870582 
0   0 R 9 23       2.454904       2.454904 
0   0 R 9 24       2.000079       2.000079 
0   0 R 10  0       5.356866       5.079583 
0   0 R 10  1       5.390787       5.151029 
0   0 R 10  2       4.953326       4.653421 
0   0 R 10  3       4.965025       4.798591 
0   0 R 10  4       4.931155       5.219488 
0   0 R 10  5       5.296149       5.385473 
0   0 R 10  6       5.658795       5.338591 
0   0 R 10  7       5.409536       5.717062 
0   0 R 10  8       5.387163       4.605920 
0   0 R 10  9       5.206249       4.039970 
0   0 R 10 10       5.484474       4.039384 
0   0 R 10 11       5.081877       5.473538 
0   0 R 10 12       4.790776       2.438013 
0   0 R 10 13       4.578937       4.418032 
0   0 R 10 14       4.362175       3.742282 
0   0 R 10 15       5.177303       3.262420 
0   0 R 10 16       5.248835       5.043123 
0   0 R 10 17       2.533713       5.296792 
0   0 R 10 18       2.542597       3.030787 
0   0 R 10 19       2.895493       8.067379 
0   0 R 10 20       2.543321       2.756631 
0   0 R 10 21       2.422188       2.207556 
0   0 R 10 22       2.520546       2.789767 
0   0 R 10 23       2.769738       2.769738 
0   0 R 10 24      13.665417      13.665417 
0   0 C 0  0 -0.16812  0.22761  1.33302  1.43583 -0.89923 -0.59028  0.46966 -1.40497  0.87281  0.77315  0.56377  1.02456  0.53098  0.06060 -0.91780 -0.13803
0   0 C 0  1  0.52427  0.45104  0.26937  1.14481 -0.44867  0.36979 -0.10356  0.70560 -0.38804 -0.69953  0.06190  0.43050  0.77536 -0.95616  0.63744  0.11187
0   0 C 0  2  0.45587  0.11540  0.89450  1.00122  1.09202 -0.05815  0.12291  0.65183  0.75604  0.39811  1.04316  0.99712  1.02235  1.19663  0.46641  0.36085
0   0 C 0  3  0.58261  0.52452  0.64041  1.07962  0.79902  0.34249 -0.08510  0.17776  0.33215  0.39046  0.37407  0.55932 -0.18624  0.37993  0.45916  0.08788
0   0 C 0  4  0.02587  1.44542  1.10093  0.78639 -0.05976  0.85309  0.44646  0.00448  0.40958  0.65603  0.43497  0.14583  0.10016  0.21776  0.10733 -0.12982
0   0 C 0  5  0.53711  1.04704  0.24677 -0.30113  0.22568 -0.07900  0.20404  0.19119  0.35810  0.46925  0.19065 -0.05376  0.46693  0.07342 -0.36039 -0.62988
0   0 C 0  6  0.38986  0.38417  0.42883  0.15516  0.13649  0.18171  0.36649 -0.11255  0.32866  0.56216  0.47644 -0.14637  0.66039  0.33724  0.15755 -0.17641
0   0 C 0  7  0.20653  0.22484  0.11763  0.41453  0.00279  0.06223  0.01125 -0.37446  0.13387 -0.20585  0.00525 -0.09822  0.29082  0.10575  0.04889 -0.03153
0   0 C 0  8  0.88004  0.77108  0.58133  0.34362  0.73835  0.00635  0.98121  0.30819  0.42283  0.81561  0.24706  0.73350  1.28894  0.33282  0.93102  0.16392
0   0 C 0  9  0.39491 -0.80459 -0.00966 -1.30946 -0.34297 -1.06726 -0.39138 -0.63985 -0.18105  0.73604  0.34245 -1.16997  0.28207 -0.39046 -0.30269 -0.84361
0   0 C 0 10  1.86237 -0.13356  0.44895 -0.15215  0.57540  0.23461  0.85362  0.36186  0.83405 -0.12968  0.67185 -0.04586  0.46119  0.40240  0.77214  1.10859
0   0 C 0 11  0.95810  0.04872  0.49626 -0.35007  0.11149  0.06465  0.61051  0.20028  0.46638 -0.35399  0.52838  0.05265  0.39470  0.45118  0.83714  0.14329
0   0 C 0 12  0.62035  0.49189  0.33785 -0.04535  0.52009  0.15623  0.43039  0.00367  0.16116 -0.31376  0.18385 -0.16165  0.34235  0.14875  0.25408 -0.19730
0   0 C 0 13  0.36693 -0.15849  0.21275  0.00725  1.02335  0.50524  0.39579 -0.07114  0.14058 -0.39472  0.17316 -0.28237  0.28903  0.21990  0.27624  0.11269
0   0 C 0 14  0.38927  0.00559  0.07090  0.23914  0.56008  0.16241  0.26732  0.09776  0.11291 -0.12274  0.20039  0.01475  0.23474  0.18772  0.32165  0.06320
0   0 C 0 15  0.39543  0.07358 -0.10980  0.27854  0.16071  0.22871  0.04369  0.08475  0.00747  0.08422  0.01440  0.03349  0.18602  0.59718  0.08823  0.48544
0   0 C 0 16  0.01565 -0.21725 -0.28416  0.52360  0.16831  0.10745 -0.09635 -0.17350 -0.04607 -0.19646 -0.07043 -0.00609 -0.11332  0.26007 -0.09956  0.17863
0   0 C 0 17  0.14993  0.13423  0.35201  0.35134  0.07163  0.29296  0.09670 -0.01071 -0.02389  0.11724  0.12072  0.12518  0.01810  0.24413  0.07014  0.08753
0   0 C 0 18  0.03760  0.00974  0.28117  0.17412  0.04854  0.13156  0.00267 -0.00012 -0.10103  0.04282  0.12580  0.04191 -0.00784  0.23453 -0.02643  0.07806
0   0 C 0 19  0.04384 -0.03113  0.15254  0.00163  0.10221  0.14749 -0.11142 -0.06929 -0.11982  0.01762  0.04235  0.02045  0.04917  0.17227  0.04680  0.14147
0   0 C 0 20  0.15004 -0.00130  0.14183  0.13466  0.01432  0.21432 -0.04941 -0.01744 -0.00979  0.04883 -0.04978 -0.02009 -0.04935  0.23758  0.04850  0.21202
0   0 C 0 21  0.19789  0.00711  0.05810  0.19088  0.39132  0.11625  0.01755  0.02808  0.20349  0.03377 -0.03385 -0.06366 -0.08526  0.20913  0.04650  0.16184
0   0 C 0 22  0.09829  0.08197 -0.11097  0.12796  0.30714  0.17181  0.06535  0.12576  0.43059  0.01765 -0.10038 -0.02118 -0.05224  0.17432 -0.17211  0.06348
0   0 C 0 23  0.15297  0.15701 -0.04233  0.04068  0.04708  0.10135  0.06620  0.08534 -0.02789  0.22416  0.07309 -0.03017 -0.26368  0.11164 -0.06410  0.02964
0   0 C 0 24  0.00408 -0.00969 -0.07170  0.06248  0.09384  0.01604 -0.02298  0.07191 -0.09498  0.06360  0.20660 -0.14835 -0.25771 -0.07553 -0.01737  0.08954
0   0 C 0 25  0.00123  0.01521  0.02226 -0.12334  0.03563  0.10762  0.06918 -0.04256 -0.15991  0.00735  0.09920 -0.11058  0.15035 -0.10368  0.02505 -0.03602
0   0 C 0 26  0.03245  0.01919 -0.01731 -0.14135 -0.10805  0.02171  0.11461  0.03895 -0.03695 -0.06808  0.06392 -0.03666  0.25526 -0.06523  0.05735 -0.07983
0   0 C 0 27  0.11859  0.06871  0.02686 -0.01098  0.02637 -0.03758  0.06505  0.18674 -0.04789 -0.07039  0.26037  0.19812  0.21884 -0.07545 -0.05469  0.02915
0   0 C 0 28 -0.05415  0.13570  0.09811 -0.14844 -0.11786  0.15695  0.04165  0.08958  0.08058 -0.01614  0.09754  0.12053  0.24639 -0.06723 -0.02953  0.09546
0   0 C 0 29  0.06831  0.05699 -0.01180 -0.08507 -0.03542  0.06304  0.03846  0.19956  0.02150 -0.02846  0.08367  0.18318  0.20279 -0.04045 -0.04737 -0.01810
0   0 C 0 30 -0.03175  0.06526  0.01494  0.04178 -0.14456  0.11099  0.09833  0.02208 -0.08345 -0.01645  0.12929  0.10218  0.12534 -0.15221 -0.14180 -0.09397
0   0 C 0 31  0.05364  0.19114  0.20858  0.03750 -0.00253  0.12893  0.08053  0.15739  0.06632  0.02489  0.22297  0.00071  0.18317 -0.02526 -0.01968 -0.08270
0   0 C 0 32  0.08733  0.27397  0.27248  0.13737  0.05304  0.06756  0.20952  0.16853 -0.00273 -0.04915  0.24860  0.14724  0.13704 -0.01300 -0.10421 -0.13813
0   0 C 0 33  0.02707  0.06544 -0.08840  0.12020 -0.06963 -0.00811  0.26383  0.19138 -0.06366 -0.08301  0.15282  0.02239  0.37432 -0.23476 -0.03220 -0.00360
0   0 C 0 34  0.06098  0.18726  0.12203  0.20690 -0.17004  0.14081  0.26367  0.08635  0.05985  0.25009  0.29376  0.24123  0.88061 -0.06934  0.01659  0.44955
0   0 C 0 35  0.45783  0.37022 -0.00986  0.47597  0.01922  0.23018  0.04261  0.46931  0.04549  0.57754  0.18790  0.37176  0.28909  0.14749  0.03759  0.35682
0   0 C 0 36  0.18098  0.35355 -0.07117  0.49470 -0.00653  0.34576  0.04976  0.36396  0.06519 -0.18136  0.11212  0.26860  0.09107  0.16855 -0.06242  0.08572
0   0 C 0 37 -0.15359  0.41757  0.00036  0.21336 -0.29602  0.37509  0.80676  0.72378 -0.06666  0.16053  0.17593  0.36822  0.11098  0.11085 -0.25830  0.00944
0   0 C 0 38  0.12785  0.66169  0.17830  0.08143 -0.27821  0.24625  0.16759  0.76914  0.04609  0.38025  0.08661  0.40244  0.32367  0.24982 -0.02340  0.43713
0   0 C 0 39  0.47973  1.82844  0.02521  0.25366 -0.47031  0.34499 -0.02529  1.82227  0.47386  0.26931  0.16263  0.46651 -0.13219  0.34775  0.49540  1.10089
0   0 C 0 40  0.45134  0.01415 -0.85389  0.13802 -0.19397  0.41419 -1.38760  0.18338 -0.84509 -0.33654 -0.63595 -0.26503 -1.78743  0.32260 -0.81360 -0.08788
0   0 C 0 41  0.56475  0.87468  0.34467  0.83671  0.33523  0.88473  1.10911  0.49048  0.29174  0.82608  0.14421  0.99626  0.27682  0.57693  0.69032  0.40442
0   0 C 0 42 -0.31336 -0.18716  0.80364  0.19935 -0.08748 -0.11819  1.65669  0.08261  0.10392  0.38721  0.75540 -0.11202 -0.17954  0.07405  0.03245 -0.16078
0   0 C 0 43 -0.16092  0.44919  0.91667  0.26190  0.29948  0.37078  0.27113  0.73277 -0.29048  0.66453  0.17118 -0.15228  0.16724  0.44978  0.85622  0.73535
0   0 C 0 44 -0.11551  0.16241  0.20007 -0.00520  0.04352  0.21374  0.21089  0.64980 -0.03931  0.20618 -0.10136  0.16452  0.14310  0.36311 -0.04717  0.23510
0   0 C 0 45 -0.08272 -0.03621  0.06479  0.33951 -0.06372  0.25108  0.15010  0.50601  0.57744  0.00641  0.09099  0.76661  0.22333  0.16535  0.20021  0.58995
0   0 C 0 46 -0.09671  0.16773  0.30298  0.28846  0.81064 -0.47646  0.52417  0.34330  0.32951 -0.05307  0.04583  0.29532  0.37076  0.34943  0.31503  0.92702
0   0 C 0 47  0.67133  0.15867  0.51216  0.39087  0.39607  0.29341  0.86839  0.01676  0.32366  0.34093  0.45912  0.17027  1.08154  0.26082 -0.04330  0.42955
0   0 C 0 48  0.51181 -0.31251 -0.01203  0.81484 -0.26569  0.24184  0.03949 -0.58102  0.40447  0.64449 -0.00039 -0.16764  0.55743  0.42158 -0.25421 -0.06235
0   0 C 0 49  1.99010 -1.35079  0.35613 -0.59244  0.33113 -0.89021 -0.04885  0.75964  0.06365  0.09036 -0.17383  0.02282  0.40468  0.59918  1.15822 -0.45895
0   0 S 0 0  0  -0.09720   0.03522
0   0 S 0 0  1  -0.05484   0.06781
0   0 S 0 0  2  -0.13930  -0.03062
0   0 S 0 0  3  -0.16824  -0.16484
0   0 S 0 0  4  -0.03056   0.00763
0   0 S 0 0  5  -0.07316  -0.13000
0   0 S 0 0  6  -0.12248  -0.10614
0   0 S 0 0  7  -0.11978  -0.09087
0   0 S 0 0  8  -0.06927  -0.02875
0   0 S 0 0  9  -0.21361  -0.13029
0   0 S 0 0 10  -0.23134  -0.01758
0   0 S 0 0 11  -0.12972   0.33641
0   0 S 0 0 12  -0.17936  -0.08231
0   0 S 0 0 13  -0.37662   0.00156
0   0 S 0 0 14  -0.65899  -0.07308
0   0 S 0 0 15   0.62715   0.51921
0   0 S 0 0 16  -0.21732  -0.65005
0   0 S 0 0 17   0.06870  -0.21949
0   0 S 0 0 18   0.05568  -0.35747
0   0 S 0 0 19   0.20054  -0.15028
0   0 S 0 0 20   0.08931  -0.53109
0   0 S 0 0 21   0.01125  -0.51519
0   0 S 0 0 22  -1.15329  -0.36144
0   0 S 0 0 23  -0.20110  -0.20110
0   0 S 0 0 24  -0.44347  -0.44347
0   0 S 0 1  0   0.04193  -0.01667
0   0 S 0 1  1   0.02654  -0.03205
0   0 S 0 1  2   0.07038   0.00116
0   0 S 0 1  3   0.08338   0.05361
0   0 S 0 1  4   0.03348  -0.02494
0   0 S 0 1  5   0.04726   0.03481
0   0 S 0 1  6   0.06650   0.02283
0   0 S 0 1  7   0.06430   0.01403
0   0 S 0 1  8   0.05026  -0.02719
0   0 S 0 1  9   0.11408  -0.00746
0   0 S 0 1 10   0.11476  -0.06825
0   0 S 0 1 11   0.05991  -0.19011
0   0 S 0 1 12   0.08046  -0.03531
0   0 S 0 1 13   0.16374  -0.08031
0   0 S 0 1 14   0.27507  -0.01817
0   0 S 0 1 15  -0.26204  -0.20528
0   0 S 0 1 16   0.10952   0.19788
0   0 S 0 1 17  -0.01478   0.04605
0   0 S 0 1 18  -0.00679   0.11802
0   0 S 0 1 19  -0.06270   0.04118
0   0 S 0 1 20   0.02694   0.16278
0   0 S 0 1 21   0.05969   0.17237
0   0 S 0 1 22   0.51957   0.10491
0   0 S 0 1 23   0.07857   0.07857
0   0 S 0 1 24   0.16707   0.16707
0   0 S 0 2  0  -0.00000  -0.00000
0   0 S 0 2  1  -0.00000  -0.00000
0   0 S 0 2  2  -0.00000  -0.00000
0   0 S 0 2  3  -0.00000  -0.00000
0   0 S 0 2  4  -0.00000  -0.00000
0   0 S 0 2  5  -0.00000  -0.00000
0   0 S 0 2  6  -0.00000  -0.00000
0   0 S 0 2  7  -0.00000  -0.00000
0   0 S 0 2  8  -0.00000  -0.00000
0   0 S 0 2  9  -0.00000  -0.00000
0   0 S 0 2 10  -0.00000  -0.00000
0   0 S 0 2 11  -0.00000  -0.00000
0   0 S 0 2 12  -0.00000  -0.00000
0   0 S 0 2 13  -0.00000  -0.00000
0   0 S 0 2 14  -0.00000  -0.00000
0   0 S 0 2 15  -0.00000  -0.00000
0   0 S 0 2 16  -0.00000  -0.00000
0   0 S 0 2 17  -0.00000  -0.00000
0   0 S 0 2 18  -0.00000  -0.00000
0   0 S 0 2 19  -0.00000  -0.00000
0   0 S 0 2 20  -0.00000  -0.00000
0   0 S 0 2 21  -0.00000  -0.00000
0   0 S 0 2 22  -0.00000  -0.00000
0   0 S 0 2 23  -0.00000  -0.00000
0   0 S 0 2 24  -0.00000  -0.00000
0   0 K  0 -0.02399  0.00783  0.08810  0.02206  0.04671 -0.01728 -0.05661 -0.00589 -0.05865 -0.02899  0.17102  0.03191  0.01215  0.08571  0.13184  0.08835 -0.10690 -0.11040  0.01987  0.02381 -0.05237 -0.04374  0.01411 -0.07894  0.01996 -0.10754 -0.03377 -0.10285  0.04242 -0.00485  0.07939  0.00848
0   0 K  1  0.12421  0.03952  0.20131  0.08770  0.04863  0.01076 -0.06496  0.11578  0.01760  0.14782  0.18506  0.11285  0.09831  0.12081  0.17440 -0.02977  0.09830  0.01393  0.03516 -0.01717  0.01248  0.02851 -0.00939  0.07513  0.01368 -0.03621  0.03921 -0.09451  0.11921 -0.02771  0.06104  0.06308
0   0 K  2  0.20816  0.23538  0.17552  0.08205  0.09598  0.22690 -0.01949  0.09548  0.11802  0.02615  0.16756  0.29336  0.17108  0.13542  0.15835  0.10409  0.06713  0.02537  0.18765  0.11519  0.15251  0.08743 -0.03449  0.04655  0.13295  0.10395  0.16037  0.06443  0.11426  0.17687  0.09988  0.18719
0   0 K  3  0.17664  0.14801  0.14782  0.08990  0.18129  0.14576 -0.04700  0.04423  0.08580  0.18779  0.15426  0.21517  0.11877  0.11037  0.30691  0.27953  0.09123 -0.04324  0.11616  0.01910  0.12424  0.07326  0.02753  0.23628  0.10782  0.02010  0.12870  0.13169  0.13948  0.16088  0.11969  0.11945
0   0 K  4  0.21866  0.26698  0.19613  0.22743  0.25425  0.13004  0.06214  0.19591  0.19372  0.22004  0.15499  0.28677  0.29669  0.26543  0.27139  0.22614  0.12155  0.11243  0.16503  0.08048  0.28002  0.05026  0.17391  0.19681  0.20267  0.09322  0.21441  0.19916  0.17323  0.22415  0.29885  0.25628
0   0 K  5  0.27085  0.09202  0.15966  0.19229  0.22481  0.07009  0.04009  0.20275  0.09234  0.15970  0.16941  0.30267  0.18493  0.25531  0.16671  0.22361  0.08463  0.13239  0.19014  0.04326  0.17131  0.15106  0.06755  0.14275  0.15167  0.26669  0.10409 -0.00211  0.19442  0.11960  0.16811  0.15782
0   0 K  6  0.22789  0.31005  0.28568  0.26568  0.38160  0.21528  0.23425  0.25710  0.23880  0.27341  0.32061  0.33847  0.34668  0.32119  0.33563  0.44116  0.21513  0.24708  0.26487  0.24404  0.25622  0.19954  0.34583  0.27625  0.28494  0.29493  0.32659  0.28201  0.22476  0.27587  0.34770  0.32633
0   0 K  7  0.33719  0.32390  0.36170  0.20479  0.27542  0.22746  0.15467  0.25857  0.27220  0.25189  0.21809  0.28906  0.32613  0.37116  0.42781  0.23379  0.11188  0.29559  0.32324  0.31971  0.29242  0.20178  0.17363  0.27001  0.38675  0.33620  0.31207  0.28386  0.33544  0.25685  0.39191  0.29225
0   0 K  8  0.20892  0.23226  0.31928  0.23085  0.25262  0.24534  0.15168  0.36711  0.22566  0.30774  0.26713  0.48269  0.35914  0.44943  0.31802  0.40386  0.30122  0.19095  0.25707  0.25496  0.29865  0.20311  0.25337  0.25664  0.35275  0.27975  0.33893  0.24650  0.25433  0.27156  0.23424  0.22139
0   0 K  9  0.43602  0.58132  0.47400  0.43779  0.29740  0.32007  0.45727  0.44721  0.37813  0.47193  0.58782  0.57826  0.59180  0.43139  0.67928  0.67580  0.36546  0.37735  0.43798  0.45146  0.42668  0.30138  0.31460  0.41438  0.49904  0.37023  0.49410  0.40503  0.56462  0.46841  0.51437  0.43569
0   0 K 10  0.80847  0.64377  0.77639  0.66065  0.73917  0.64206  0.58811  0.74523  0.73069  0.68006  0.85073  0.92609  0.83129  0.80306  0.80590  0.84461  0.65317  0.50026  0.59740  0.56310  0.82516  0.60386  0.67336  0.66356  0.72417  0.70354  0.70662  0.78429  0.64846  0.75177  0.81421  0.81968
0   0 K 11  0.79211  0.74838  0.84492  0.76365  0.75086  0.70849  0.61519  0.84128  0.73583  0.73432  0.81868  0.90979  0.88245  1.00928  0.91224  0.85080  0.65069  0.63693  0.57542  0.68039  0.80126  0.59520  0.70622  0.82171  0.83907  0.78139  0.71996  0.72036  0.72108  0.77515  0.86555  0.72207
0   0 K 12  0.84156  0.82970  0.88359  0.72336  0.89036  0.89460  0.83749  0.92033  0.90844  0.85015  1.04116  0.96773  0.95432  0.85881  1.09164  1.07587  0.73788  0.81686  0.82164  0.63367  0.70379  0.84753  0.68645  0.79263  0.75574  0.75587  0.77355  0.92709  0.87422  0.89080  1.03134  0.86273
0   0 K 13  1.01979  1.20603  1.11641  1.21665  1.40933  1.39411  1.18340  1.30855  1.41502  1.32464  1.50569  1.33288  1.33751  1.48934  1.48324  1.41093  1.25634  1.23902  1.06130  0.98684  1.20345  1.15070  1.10616  1.16012  1.15354  1.12813  1.24832  1.41744  1.40110  1.29334  1.24096  1.37972
0   0 K 14  1.58763  1.45294  1.81126  1.53167  1.77267  1.67555  1.62599  1.57263  1.66017  1.57873  1.78924  1.90478  1.62164  1.71736  1.65591  1.93575  1.63449  1.67643  1.44326  1.67934  1.43358  1.62160  1.69096  1.66516  1.55255  1.41100  1.59272  1.61250  1.66727  1.58640  1.92027  1.51075
0   0 K 15  0.55586  0.91750  0.98795  0.43960  0.44284  0.43692  0.93826  0.77270  0.69501  0.36203  0.82629  0.74230  1.15055  0.88932  0.66126  0.89850  0.66482  0.28765  0.56071  0.44229  0.82702  1.04860  0.58867  0.72517  0.86961  0.89415  0.71591  1.17459  0.98948  0.74207  0.80018  0.92323
0   0 K 16  1.98357  1.58426  1.75629  1.88602  1.94009  1.74743  1.79614  1.88779  1.86545  1.83828  1.89100  2.10214  1.81310  2.08822  2.08793  1.90800  1.73352  1.60779  1.55249  1.74919  1.82072  1.98779  1.98181  1.71436  1.69393  1.94975  1.97848  2.14391  2.22644  2.12788  2.08359  2.06923
0   0 K 17  1.15564  0.87111  0.67949  1.00551  0.87353  0.99433  0.75056  0.67702  0.91391  0.91979  1.19771  1.32673  1.15549  1.11755  1.03216  1.05292  0.88372  0.56865  0.59575  0.61478  0.82374  0.84417  0.84167  0.97717  0.92747  0.74700  0.93211  1.12249  1.14091  1.16195  1.03182  1.13835
0   0 K 18  1.66852  1.74238  1.72049  1.64730  1.66565  1.69659  1.48422  1.51098  1.61279  1.70264  2.11340  1.96122  1.91921  2.31247  2.10086  2.03173  1.48830  1.23534  1.47144  1.31053  1.48965  1.57721  1.71696  1.71267  1.68802  1.62198  1.67667  1.75755  2.04953  1.84082  1.80164  1.94126
0   0 K 19  1.35170  0.91038  0.87412  1.02487  1.07748  1.07322  1.04985  0.94785  1.07462  1.18008  1.35147  1.33504  1.51898  1.36978  1.49924  1.40222  0.93529  0.81073  0.79974  0.74556  0.78478  1.08487  1.05677  0.88991  0.96968  0.90665  1.02195  1.44197  1.13464  1.30694  1.14290  1.36714
0   0 K 20  1.14712  0.80453  0.77978  0.92004  0.95029  1.03336  0.84451  0.89414  0.77945  1.00859  1.38628  1.40936  1.45524  1.34953  1.38521  1.39481  0.86300  0.91559  0.74172  0.53350  0.99632  1.10378  1.16858  1.13594  1.15440  0.99786  0.96389  1.52934  1.30019  1.30511  1.30518  1.43330
0   0 K 21  0.99673  0.67059  0.79308  0.73213  1.12183  1.02233  0.72363  0.81331  0.76822  0.74892  1.40626  1.38311  1.39995  1.36457  1.71266  1.41454  0.88770  0.84626  0.79385  0.73323  1.00908  1.18611  1.14102  0.94641  0.92323  1.19752  0.93642  1.68885  1.47412  1.39726  1.28494  1.38044
0   0 K 22  1.24156  0.99713  1.05278  0.87692  1.47759  1.44847  1.05529  1.37260  1.14954  1.08130  1.87647  1.85389  1.86886  1.94564  2.03051  1.95032  1.16123  0.99115  1.16657  0.89699  1.28245  1.46938  1.32103  1.55707  1.46860  1.18460  1.15142  2.09805  1.82099  1.64488  1.40163  1.71644
0   0 K 23  0.31176  0.14800  0.46944  0.09968  0.83158  0.73703  0.37002  0.39371  0.35537  0.36892  0.97071  1.22286  1.21980  1.28166  1.20292  1.34827  0.50945  0.32424  0.55463  0.10128  0.72504  0.90877  0.64102  0.88974  0.61990  0.44215  0.69590  1.18983  1.10756  1.10929  1.27405  1.09914
0   0 K 24  0.29408  0.55285  0.72047  0.57173  1.03503  0.75059  0.36068  0.80696  0.64138  0.78991  1.44127  1.04345  1.47177  1.49246  1.74746  1.75233  0.86780  0.32873  0.62527  0.74856  0.90474  0.83144  0.68921  0.93307  0.53411  0.57031  0.71771  1.35780  1.19581  1.29588  1.43696  1.27036
0   0 C 1  0  0.69394  0.27248 -0.22540 -0.04702 -1.10795 -0.87764 -0.56471  0.28505  0.03165 -0.28355  0.54015  1.50911  0.46658 -0.01036 -0.45042 -0.13438
0   0 C 1  1  0.81548  0.24072 -0.33715 -0.07227 -1.68838 -0.81810 -0.36211  0.46139  0.24555 -0.00452  0.02087  0.14545  0.28549 -0.13192 -0.39666  0.83897
0   0 C 1  2  0.49050  0.33058  0.08073 -0.03944 -0.74390  0.18051 -0.04565  0.17733  0.11122  0.04169  0.22304  0.38479  0.21912  0.14691 -0.22990  0.42308
0   0 C 1  3  0.01751 -0.32316  0.18744  0.36347 -0.46264 -0.13592  0.10778  0.36565 -0.30200 -0.23523  0.58810  0.84730  0.87909  0.39607  0.74159  0.48635
0   0 C 1  4  0.75842  0.34009 -0.30967 -0.13968  0.50210 -0.08157 -0.15779  0.01203  0.08091  0.32751  0.22595  0.56445  0.86822  0.38626  0.40808  0.31077
0   0 C 1  5  0.02230 -0.55108  0.05075  0.08363 -0.29636 -0.07457  0.06287  0.05206 -0.76083 -0.00046  0.01818  0.41366  0.32647  0.37024  0.93504  0.48661
0   0 C 1  6  0.10609  0.60209 -0.14797 -0.23555 -0.03669  0.28387  0.07434  0.03672 -0.25077  0.02140 -0.22849  0.16558  0.11457  0.29687  0.57512  0.15506
0   0 C 1  7 -0.06360 -0.11087 -0.40263 -0.29897 -0.10704 -0.05243  0.01511  0.16366 -0.02116  0.33467 -0.07680  0.18964  0.22497  0.21588  1.08761  0.06179
0   0 C 1  8 -0.11619  0.02493 -0.12906 -0.14632 -0.30817  0.07616  0.03233 -0.02294 -0.23613 -0.06471  0.26460 -0.08733  0.50233  0.23454  0.81523  0.25160
0   0 C 1  9 -0.45869  0.24216  0.41173 -0.13910  0.28665  0.02566  0.25735 -0.74650 -0.59241 -0.12566  0.06981 -0.13574  0.08499 -0.06074  0.15720 -0.35160
0   0 C 1 10  0.33534  0.23012  0.06435 -0.08972  0.08852 -0.11585  0.44972 -0.15832  0.14716 -0.22576 -0.40901  0.05896  0.10698 -0.19853  0.36565  0.32265
0   0 C 1 11  0.04651  0.30686 -0.14347 -0.09863  0.07922 -0.10484  0.43236  0.14216  0.14418 -0.08611  0.04560  0.25969  0.68432  0.01337  0.18065  0.08331
0   0 C 1 12 -0.29481  0.11312 -0.28205 -0.02941  0.12893 -0.05331  0.21146 -0.34749 -0.35981 -0.48175 -0.36209 -0.00931  0.19645 -0.20597 -0.09436 -0.19859
0   0 C 1 13 -0.04297 -0.06112 -0.21696  0.09025  0.30468  0.19964  0.05327 -0.30390 -0.08178 -0.27070 -0.19731  0.12404  0.08244  0.00785 -0.13820 -0.19887
0   0 C 1 14 -0.16121 -0.05809 -0.19327 -0.01370 -0.21678 -0.19643 -0.07857 -0.17617 -0.12558 -0.25233 -0.12232  0.01320 -0.00881 -0.12352 -0.13340 -0.11940
0   0 C 1 15 -0.14644 -0.05591 -0.22021 -0.26120 -0.38613 -0.30426 -0.15728 -0.22678 -0.12486 -0.12882 -0.02303 -0.15904 -0.06145  0.09124  0.03479  0.12477
0   0 C 1 16 -0.08115  0.06152 -0.09293  0.20232 -0.11388 -0.13394 -0.11831  0.10318 -0.02338  0.04823  0.24197 -0.06779 -0.00897  0.13115  0.07686 -0.11457
0   0 C 1 17  0.04217 -0.07513  0.21247 -0.09611 -0.13770 -0.11406 -0.03674 -0.01029 -0.25372 -0.13716  0.12184 -0.12123 -0.08821 -0.01197 -0.09975  0.01232
0   0 C 1 18 -0.06490 -0.01287 -0.00364  0.07384 -0.12001 -0.03953 -0.09740  0.02192 -0.21334 -0.11992  0.03443 -0.07593 -0.16103 -0.07305 -0.04526 -0.08300
0   0 C 1 19  0.04376 -0.03826  0.06399  0.06228 -0.08273 -0.09901 -0.00301 -0.06974 -0.06896 -0.00965 -0.05311 -0.04351 -0.24665  0.00505 -0.10091  0.00395
0   0 C 1 20 -0.04109  0.01095 -0.02420  0.12146 -0.18287 -0.17147 -0.06291 -0.05336 -0.12382  0.03776  0.01731  0.01080 -0.03282 -0.15488 -0.00778 -0.00746
0   0 C 1 21  0.07380  0.00366  0.01883  0.06545  0.02497 -0.11465  0.06370  0.01680  0.01345  0.01693 -0.00653 -0.01765 -0.06024 -0.20262 -0.02031 -0.02135
0   0 C 1 22  0.02225  0.07903  0.03131  0.07877  0.03225 -0.08040  0.09744  0.18238  0.13289  0.02404 -0.00279 -0.01150 -0.00049 -0.11701 -0.19854 -0.07374
0   0 C 1 23  0.09841  0.12913  0.06078 -0.01500 -0.06416 -0.09919 -0.02011  0.06389 -0.00662  0.01808  0.09879 -0.12832 -0.06204 -0.22437  0.07847 -0.04878
0   0 C 1 24  0.12449  0.02264  0.06920 -0.02524  0.00341 -0.01785  0.16337  0.06673  0.07787 -0.06002  0.13509 -0.00868 -0.16249 -0.12529 -0.04471  0.00121
0   0 C 1 25 -0.10200  0.03745  0.09455 -0.03829 -0.09281 -0.02700 -0.02195  0.04991  0.07398  0.06489  0.04974 -0.05864 -0.15692 -0.09246 -0.08499 -0.02668
0   0 C 1 26 -0.05528  0.06252  0.04081 -0.09480 -0.04189  0.09960  0.00509  0.10546  0.19604 -0.04342 -0.03086 -0.02978 -0.05048 -0.07254 -0.10137  0.06985
0   0 C 1 27 -0.01518  0.02307  0.00486 -0.05400 -0.00417  0.12781 -0.02537  0.15519  0.03179 -0.09622 -0.00277 -0.03091 -0.08234 -0.00965 -0.19884 -0.03544
0   0 C 1 28  0.09353  0.01393  0.02425 -0.03432  0.03388  0.06607  0.04023  0.09284  0.05120 -0.07918 -0.04465 -0.02833 -0.06694 -0.07462 -0.11455 -0.07401
0   0 C 1 29  0.11227  0.03040  0.11164  0.03409  0.03687  0.15892  0.11023  0.13929  0.06712  0.02606  0.05285 -0.15529 -0.23168  0.04688 -0.05581  0.00064
0   0 C 1 30  0.05472  0.03192  0.21991 -0.00585 -0.09912  0.15752  0.06758  0.09908  0.04582  0.08734  0.08869 -0.10413 -0.11571  0.00185 -0.18141  0.01152
0   0 C 1 31  0.15045  0.06874  0.18929 -0.08332 -0.03280  0.27380  0.12532  0.18999  0.04217  0.22765 -0.00242 -0.08177 -0.10573  0.01975 -0.05173 -0.01574
0   0 C 1 32  0.12392 -0.02760  0.08549  0.04355  0.06317  0.20999  0.04715  0.09423  0.07023  0.13963  0.03000 -0.14825  0.02136  0.08514 -0.00821  0.04243
0   0 C 1 33 -0.01943 -0.00470 -0.08270 -0.09732 -0.00807  0.10301  0.05124  0.11697  0.22222 -0.01225  0.12404 -0.07060  0.07064 -0.00806 -0.15386 -0.14591
0   0 C 1 34  0.11519  0.17933 -0.01567 -0.05825  0.26188  0.25711  0.14860  0.10819  0.23405  0.14965  0.08636  0.10105  0.44141  0.15486 -0.04663  0.20311
0   0 C 1 35  0.17305  0.04353 -0.06017 -0.02299  0.14851  0.17530  0.05159  0.14680  0.27950  0.35239 -0.01005  0.03846  0.01905  0.15320 -0.02512  0.09335
0   0 C 1 36  0.11413  0.03996 -0.21830 -0.00783  0.16472  0.28348 -0.00965 -0.02807  0.09367  0.08248 -0.03724  0.03290  0.14995  0.07978 -0.19102 -0.00519
0   0 C 1 37  0.02270  0.26779  0.02580  0.12328  0.26018  0.11654  0.65153  0.01765  0.05788  0.09312  0.20837  0.17633  0.46554  0.01010 -0.11183 -0.05566
0   0 C 1 38 -0.28906  0.23771 -0.20751 -0.02925 -0.21691 -0.36116  0.04047 -0.18687 -0.04285  0.10235 -0.22260  0.12340  0.03059 -0.39017 -0.35994 -0.23949
0   0 C 1 39 -0.28198  0.78861 -0.25055 -0.28268 -0.36339 -0.50310  0.13954  0.51721  0.18396  0.07407 -0.21692 -0.01879 -0.21773 -0.42468  0.28352 -0.03215
0   0 C 1 40 -0.40455  0.24382 -0.29049 -0.17689  0.17057  0.10401  0.46681 -0.07538 -0.57312  0.09703  0.09441  0.80310  0.13897 -0.34364  0.28248 -0.26476
0   0 C 1 41 -0.14921 -0.04607 -0.10967 -0.28589 -0.13947  0.04345  0.13829 -0.07251 -0.10339 -0.12488  0.34929  0.18934 -0.16652 -0.06279  0.07628 -0.30014
0   0 C 1 42 -0.06898 -0.04292  0.13413 -0.10682 -0.34134 -0.00594  0.05863 -0.20478 -0.00148  0.18553  0.34727 -0.00389 -0.05683 -0.34878  0.07776 -0.14081
0   0 C 1 43 -0.36241 -0.26160 -0.52187 -0.43316  0.21602 -0.05882  0.11832 -0.35843  0.35131  0.38057  0.40641  0.24754 -0.12466 -0.68362  0.29041 -0.56594
0   0 C 1 44 -0.35854 -0.05369 -0.37469 -0.23627 -0.02230  0.07258 -0.11806 -0.09084  0.29614  0.50735  0.28935 -0.08042 -0.17347 -0.14949  0.09353 -0.69945
0   0 C 1 45 -0.44784 -0.22462 -1.00234 -0.34058  0.03779 -0.18182 -0.15528 -0.00866 -0.21198  0.17087 -0.05091  0.47393 -0.76171 -0.65467  0.09389 -0.42109
0   0 C 1 46 -0.24139 -0.15133 -0.38133 -0.33957 -0.36736  0.17965  0.38946  0.07978 -0.16063  0.00307 -0.21720 -0.32842 -0.20935 -0.50619 -0.29280 -0.67636
0   0 C 1 47 -0.09881 -0.34179 -0.68566 -0.48846 -0.40453 -0.34307 -0.19496  0.29154 -0.15249 -0.50886 -0.21470  0.07862 -0.72316 -0.17534 -0.42007 -0.01230
0   0 C 1 48  0.01569  0.44931 -0.38148 -0.37594 -0.20926 -0.10861  0.46633  0.68232  0.40151 -0.37232 -0.15971  0.08880 -0.32635 -0.57604 -0.19552  0.70536
0   0 C 1 49 -0.64688  0.02064  0.02526  0.66477  0.70865  0.44064 -0.00737  0.35635 -0.88829 -0.58078 -0.71667  0.64700  0.31168 -0.65922 -0.27564  1.03875
0   0 S 1 0  0   0.59928   0.32021
0   0 S 1 0  1  -0.07355   0.52213
0   0 S 1 0  2   0.57347   0.41555
0   0 S 1 0  3   0.55825   0.23318
0   0 S 1 0  4   0.84132   0.01997
0   0 S 1 0  5   0.69393   0.24632
0   0 S 1 0  6   0.27852   0.39428
0   0 S 1 0  7  -0.00632   0.05448
0   0 S 1 0  8  -0.20754   0.37261
0   0 S 1 0  9   0.15806  -0.49293
0   0 S 1 0 10  -0.41436  -0.21976
0   0 S 1 0 11   0.68681   0.64582
0   0 S 1 0 12   0.43176  -1.02196
0   0 S 1 0 13   0.68562  -0.38330
0   0 S 1 0 14  -0.52391   1.78027
0   0 S 1 0 15   0.42515   3.76210
0   0 S 1 0 16   1.59552   0.34920
0   0 S 1 0 17   1.67960   0.91301
0   0 S 1 0 18   1.93619  -0.07595
0   0 S 1 0 19   1.48768  -0.58506
0   0 S 1 0 20   0.48717  -0.33307
0   0 S 1 0 21   1.82608  -0.50753
0   0 S 1 0 22   3.42674  -0.55735
0   0 S 1 0 23   0.35588   0.35588
0   0 S 1 0 24  -1.56504  -1.56504
0   0 S 1 1  0   0.01854   0.01338
0   0 S 1 1  1   0.09577   0.00822
0   0 S 1 1  2   0.05568   0.02274
0   0 S 1 1  3   0.07524   0.04044
0   0 S 1 1  4  -0.00350   0.07067
0   0 S 1 1  5   0.05636   0.03506
0   0 S 1 1  6   0.08832   0.01770
0   0 S 1 1  7   0.17490   0.06168
0   0 S 1 1  8   0.14796   0.01344
0   0 S 1 1  9   0.18910   0.11503
0   0 S 1 1 10   0.25242   0.03530
0   0 S 1 1 11   0.07390  -0.20885
0   0 S 1 1 12   0.17246   0.05515
0   0 S 1 1 13   0.11498  -0.26216
0   0 S 1 1 14   0.29101  -0.39987
0   0 S 1 1 15   0.14626  -0.61804
0   0 S 1 1 16   0.06739   0.04699
0   0 S 1 1 17   0.00636  -0.00324
0   0 S 1 1 18  -0.05611   0.09013
0   0 S 1 1 19   0.08264   0.20851
0   0 S 1 1 20   0.27152   0.23598
0   0 S 1 1 21   0.18295   0.30059
0   0 S 1 1 22  -0.93606   0.26495
0   0 S 1 1 23   0.20069   0.20069
0   0 S 1 1 24   0.57547   0.57547
0   0 S 1 2  0   0.08949   0.06000
0   0 S 1 2  1   0.01721   0.08782
0   0 S 1 2  2   0.09331   0.08307
0   0 S 1 2  3   0.09620   0.06422
0   0 S 1 2  4   0.10529   0.04840
0   0 S 1 2  5   0.10728   0.06929
0   0 S 1 2  6   0.05283   0.09051
0   0 S 1 2  7   0.03710   0.06368
0   0 S 1 2  8   0.00000   0.10111
0   0 S 1 2  9   0.06770   0.03169
0   0 S 1 2 10   0.00138   0.07607
0   0 S 1 2 11   0.10888   0.15699
0   0 S 1 2 12   0.11060   0.02486
0   0 S 1 2 13   0.13171   0.00000
0   0 S 1 2 14   0.01274   0.23966
0   0 S 1 2 15   0.07614   0.53400
0   0 S 1 2 16   0.23708   0.19004
0   0 S 1 2 17   0.22446   0.24564
0   0 S 1 2 18   0.23843   0.09375
0   0 S 1 2 19   0.21359   0.05162
0   0 S 1 2 20   0.10563   0.10397
0   0 S 1 2 21   0.27655   0.08379
0   0 S 1 2 22   0.01830   0.04814
0   0 S 1 2 23   0.13711   0.13711
0   0 S 1 2 24   0.00000   0.00000
0   0 F  0   1.02000   1.02000   1.00137   1.00137   0.99105   0.99105   0.99749   0.99749   0.99144   0.99144   0.99560   0.99560   1.00732   1.00732   0.99759   0.99759   1.00035   1.00035   0.99739   0.99739   0.98776   0.98776   0.96445   0.96445   0.97701
0   0 F  1   1.04171   1.04171   1.03482   1.03482   1.05678   1.05678   1.07532   1.07532   1.06193   1.06193   1.08428   1.08428   1.10081   1.10081   1.10176   1.10176   1.07628   1.07628   1.05913   1.05913   1.02248   1.02248   0.95083   0.95083   0.90878
0   0 F  2   1.09519   1.09519   1.09806   1.09806   1.03860   1.03860   1.06953   1.06953   1.06421   1.06421   1.08707   1.08707   1.09221   1.09221   1.13905   1.13905   1.07965   1.07965   1.05618   1.05618   1.04929   1.04929   0.96260   0.96260   0.90683
0   0 F  3   1.11066   1.11066   1.03875   1.03875   1.07069   1.07069   1.07890   1.07890   1.06456   1.06456   1.07633   1.07633   1.11403   1.11403   1.11489   1.11489   1.09088   1.09088   1.06067   1.06067   1.03574   1.03574   0.97917   0.97917   0.91245
0   0 F  4   1.07110   1.07110   1.07461   1.07461   1.06478   1.06478   1.04650   1.04650   1.03202   1.03202   1.09071   1.09071   1.10377   1.10377   1.09783   1.09783   1.07084   1.07084   1.06318   1.06318   1.04909   1.04909   0.97509   0.97509   0.85908
0   0 F  5   1.08140   1.08140   1.07058   1.07058   1.05369   1.05369   1.07392   1.07392   1.02643   1.02643   1.09875   1.09875   1.08916   1.08916   1.09825   1.09825   1.09340   1.09340   1.05741   1.05741   1.03956   1.03956   0.93935   0.93935   0.85519
0   0 F  6   1.07533   1.07533   1.04595   1.04595   1.08294   1.08294   1.07594   1.07594   1.06693   1.06693   1.10629   1.10629   1.10304   1.10304   1.09568   1.09568   1.09232   1.09232   1.06908   1.06908   1.06739   1.06739   1.00847   1.00847   0.86534
0   0 F  7   1.11466   1.11466   1.07691   1.07691   1.05647   1.05647   1.06534   1.06534   1.06565   1.06565   1.09410   1.09410   1.10407   1.10407   1.09722   1.09722   1.09609   1.09609   1.07216   1.07216   1.07026   1.07026   0.98556   0.98556   0.90529
0   0 F  8   1.06217   1.06217   1.07719   1.07719   1.04267   1.04267   1.08155   1.08155   1.05658   1.05658   1.10179   1.10179   1.12541   1.12541   1.11444   1.11444   1.09174   1.09174   1.08721   1.08721   1.08182   1.08182   0.97240   0.97240   0.94367
