NSET 1
NMEM 1
CPHI 16 
CETA 50 -2.50 -2.40 -2.30 -2.20 -2.10 -2.00 -1.90 -1.80 -1.70 -1.60 -1.50 -1.40 -1.30 -1.20 -1.10 -1.00 -0.90 -0.80 -0.70 -0.60 -0.50 -0.40 -0.30 -0.20 -0.10  0.00  0.10  0.20  0.30  0.40  0.50  0.60  0.70  0.80  0.90  1.00  1.10  1.20  1.30  1.40  1.50  1.60  1.70  1.80  1.90  2.00  2.10  2.20  2.30  2.40  2.50 
RMIN  0 
NEXT  2  0.00  0.95  1.20 
RETA 25  0.00  0.10  0.20  0.30  0.40  0.50  0.60  0.70  0.80  0.90  1.00  1.10  1.20  1.30  1.40  1.50  1.60  1.70  1.80  1.90  2.00  2.10  2.20  2.30  2.40  2.50 
KRUN 32 278768 278819 278874 278968 279115 279653 279693 279715 279765 279822 279930 279965 280016 280193 280329 280384 281692 281726 281796 282036 282091 282734 282841 283269 283305 283357 283407 283681 283864 283876 283933 283945 284045 
FRUN  8 0.000 0.117 0.240 0.368 0.491 0.613 0.750 0.873 1.000 
0   0 T 0  0    0.00000   0.32388   1.00000
0   0 T 0  1    0.00000   0.32956   1.00000
0   0 T 0  2    0.00000   0.37325   1.00000
0   0 T 0  3    0.00000   0.42621   1.00000
0   0 T 0  4    0.00000   0.45787   1.00000
0   0 T 0  5    0.00000   0.48008   1.00000
0   0 T 0  6    0.00000   0.50262   1.00000
0   0 T 0  7    0.00000   0.53917   1.00000
0   0 T 0  8    0.00000   0.60859   1.00000
0   0 T 0  9    0.00000   0.69344   1.00000
0   0 T 0 10    0.00000   0.79252   1.00000
0   0 T 0 11    0.00000   0.88741   1.00000
0   0 T 0 12    0.00000   0.91945   1.00000
0   0 T 0 13    0.00000   0.93499   1.00000
0   0 T 0 14    0.00000   0.92894   1.00000
0   0 T 0 15    0.00000   0.84798   1.00000
0   0 T 0 16    0.00000   0.82072   1.00000
0   0 T 0 17    0.00000   0.77750   1.00000
0   0 T 0 18    0.00000   0.70358   1.00000
0   0 T 0 19    0.00000   0.57831   1.00000
0   0 T 0 20    0.00000   0.47610   1.00000
0   0 T 0 21    0.00000   0.37353   1.00000
0   0 T 0 22    0.00000   0.27587   1.00000
0   0 T 0 23    0.00000   1.00000   1.00000
0   0 T 0 24    0.00000   1.00000   1.00000
0   0 T 1  0    0.00000   0.32058   1.00000
0   0 T 1  1    0.00000   0.32400   1.00000
0   0 T 1  2    0.00000   0.36971   1.00000
0   0 T 1  3    0.00000   0.42739   1.00000
0   0 T 1  4    0.00000   0.45791   1.00000
0   0 T 1  5    0.00000   0.47775   1.00000
0   0 T 1  6    0.00000   0.50431   1.00000
0   0 T 1  7    0.00000   0.53825   1.00000
0   0 T 1  8    0.00000   0.61653   1.00000
0   0 T 1  9    0.00000   0.70763   1.00000
0   0 T 1 10    0.00000   0.79744   1.00000
0   0 T 1 11    0.00000   0.88285   1.00000
0   0 T 1 12    0.00000   0.91519   1.00000
0   0 T 1 13    0.00000   0.92901   1.00000
0   0 T 1 14    0.00000   0.92242   1.00000
0   0 T 1 15    0.00000   0.86683   1.00000
0   0 T 1 16    0.00000   0.82490   1.00000
0   0 T 1 17    0.00000   0.78363   1.00000
0   0 T 1 18    0.00000   0.69831   1.00000
0   0 T 1 19    0.00000   0.59410   1.00000
0   0 T 1 20    0.00000   0.47582   1.00000
0   0 T 1 21    0.00000   0.35719   1.00000
0   0 T 1 22    0.00000   0.26819   1.00000
0   0 T 1 23    0.00000   1.00000   1.00000
0   0 T 1 24    0.00000   1.00000   1.00000
0   0 R 0  0       0.001599       0.006744 
0   0 R 0  1       0.001549       0.005876 
0   0 R 0  2       0.000954       0.004583 
0   0 R 0  3       0.002379       0.006339 
0   0 R 0  4       0.001641       0.006043 
0   0 R 0  5       0.004025       0.006669 
0   0 R 0  6       0.005365       0.004472 
0   0 R 0  7       0.004942       0.006737 
0   0 R 0  8       0.004430       0.006874 
0   0 R 0  9       0.003982       0.006810 
0   0 R 0 10       0.003904       0.006430 
0   0 R 0 11       0.003553       0.004169 
0   0 R 0 12       0.006676       0.007493 
0   0 R 0 13       0.002581       0.007360 
0   0 R 0 14       0.007077       0.001948 
0   0 R 0 15       0.008611       0.017340 
0   0 R 0 16       0.010087       0.006186 
0   0 R 0 17       0.006949       0.005697 
0   0 R 0 18       0.009847       0.008612 
0   0 R 0 19       0.005779       0.009007 
0   0 R 0 20       0.003471       0.012023 
0   0 R 0 21       0.005575       0.014266 
0   0 R 0 22       0.008416       0.002876 
0   0 R 0 23       0.011660       0.011660 
0   0 R 0 24       0.030275       0.030275 
0   0 R 1  0      60.202322       5.558009 
0   0 R 1  1      56.842893       6.271594 
0   0 R 1  2      86.241823      13.088034 
0   0 R 1  3      32.219616      -0.002232 
0   0 R 1  4      61.065314       6.929961 
0   0 R 1  5      14.326222      -0.000918 
0   0 R 1  6       3.679539      12.111196 
0   0 R 1  7      10.769853      -0.000172 
0   0 R 1  8      16.267593       0.000346 
0   0 R 1  9      18.843690       0.001342 
0   0 R 1 10      22.640485       0.000069 
0   0 R 1 11      32.044872      21.124157 
0   0 R 1 12      10.784349       0.003357 
0   0 R 1 13      48.641914       9.532414 
0   0 R 1 14      14.165353      61.959923 
0   0 R 1 15      19.229353       0.285037 
0   0 R 1 16      14.089721      26.517480 
0   0 R 1 17      19.639321      25.530487 
0   0 R 1 18      13.295943      16.171025 
0   0 R 1 19      24.669286      13.063427 
0   0 R 1 20      43.264462       7.948351 
0   0 R 1 21      27.380894       6.307361 
0   0 R 1 22      17.051414      53.260298 
0   0 R 1 23      11.867721      11.867721 
0   0 R 1 24     602.003328     602.003328 
0   0 R 2  0     134.052592     -84.958907 
0   0 R 2  1     162.184116     -75.076278 
0   0 R 2  2     469.747631      74.405132 
0   0 R 2  3     215.260796      96.121631 
0   0 R 2  4     238.355544      79.597087 
0   0 R 2  5     177.106131     114.943793 
0   0 R 2  6     166.830885      58.387611 
0   0 R 2  7     174.798045     102.123878 
0   0 R 2  8     157.597913     101.511223 
0   0 R 2  9     204.108650     104.152657 
0   0 R 2 10     235.061737     133.724903 
0   0 R 2 11     326.052041     177.694044 
0   0 R 2 12     213.429037     131.266464 
0   0 R 2 13     470.823283     121.313215 
0   0 R 2 14     216.863132     331.967203 
0   0 R 2 15     166.846158      80.413758 
0   0 R 2 16     171.106012     119.494825 
0   0 R 2 17     182.952739     112.914439 
0   0 R 2 18     110.847070      68.942395 
0   0 R 2 19     153.273151      63.619091 
0   0 R 2 20     237.629649      55.405761 
0   0 R 2 21     135.376866      39.774280 
0   0 R 2 22      94.369087     -64.193016 
0   0 R 2 23      31.342919      31.342919 
0   0 R 2 24  -20577.044682  -20577.044682 
0   0 R 3  0       3.589115       4.427104 
0   0 R 3  1       0.006468       4.019230 
0   0 R 3  2      43.164545       6.869378 
0   0 R 3  3       6.587974       4.757356 
0   0 R 3  4       0.408608       4.031207 
0   0 R 3  5       8.541164       8.118465 
0   0 R 3  6      12.603607       2.556942 
0   0 R 3  7      10.472318       5.211046 
0   0 R 3  8       1.981396       6.259052 
0   0 R 3  9       4.922614       4.197234 
0   0 R 3 10       3.973762       6.139533 
0   0 R 3 11       7.004760       5.627620 
0   0 R 3 12       9.732677       5.176246 
0   0 R 3 13      16.839666      10.335437 
0   0 R 3 14      18.307830       0.243776 
0   0 R 3 15      12.559855      12.108357 
0   0 R 3 16      22.907104       0.057466 
0   0 R 3 17      19.495068       6.638995 
0   0 R 3 18       1.602260       7.581504 
0   0 R 3 19       3.982786       6.476031 
0   0 R 3 20       5.928493       5.900938 
0   0 R 3 21      19.852933       4.083046 
0   0 R 3 22       6.360992       6.135351 
0   0 R 3 23       2.131754       2.131754 
0   0 R 3 24      91.077654      91.077654 
0   0 R 4  0       0.963667      -0.438918 
0   0 R 4  1       3.514059      -0.286358 
0   0 R 4  2       0.016911      -0.279098 
0   0 R 4  3       0.354102      -0.349571 
0   0 R 4  4       1.660132      -0.180200 
0   0 R 4  5      -0.016430      -0.569251 
0   0 R 4  6      -0.290388       0.269040 
0   0 R 4  7      -0.145290      -0.346045 
0   0 R 4  8       0.616440      -0.339602 
0   0 R 4  9       0.331331      -0.143923 
0   0 R 4 10       0.487994      -0.198488 
0   0 R 4 11       0.364383       0.152629 
0   0 R 4 12       0.016651      -0.032575 
0   0 R 4 13       0.279472      -0.200421 
0   0 R 4 14      -0.151240       1.597449 
0   0 R 4 15       0.032980      -0.487846 
0   0 R 4 16      -0.300153       2.369020 
0   0 R 4 17      -0.013659       3.352759 
0   0 R 4 18       0.900803       4.861341 
0   0 R 4 19       0.947761       4.210653 
0   0 R 4 20      18.948349       0.182204 
0   0 R 4 21       6.518396       5.090633 
0   0 R 4 22       6.163960      56.485071 
0   0 R 4 23       5.416286       5.416286 
0   0 R 4 24      -1.795206      -1.795206 
0   0 R 6  0       0.860595       0.919640 
0   0 R 6  1       0.875347       0.929804 
0   0 R 6  2       0.881602       0.908800 
0   0 R 6  3       0.865595       0.876143 
0   0 R 6  4       0.816672       0.847512 
0   0 R 6  5       0.856640       0.858697 
0   0 R 6  6       0.854341       0.862911 
0   0 R 6  7       0.850000       0.850696 
0   0 R 6  8       0.882725       0.863311 
0   0 R 6  9       0.912981       0.869506 
0   0 R 6 10       0.929516       0.885057 
0   0 R 6 11       0.921478       0.898684 
0   0 R 6 12       0.941253       0.902766 
0   0 R 6 13       0.949643       0.899386 
0   0 R 6 14       0.939331       0.943422 
0   0 R 6 15       0.949328       0.955615 
0   0 R 6 16       0.941452       0.925484 
0   0 R 6 17       0.924532       0.911227 
0   0 R 6 18       0.969867       0.932232 
0   0 R 6 19       0.992170       0.958908 
0   0 R 6 20       0.987547       0.952325 
0   0 R 6 21       1.002545       0.974837 
0   0 R 6 22       1.016497       0.992398 
0   0 R 6 23       1.009052       1.009052 
0   0 R 6 24       1.023312       1.023312 
0   0 R 7  0       1.012688       1.059450 
0   0 R 7  1       1.060265       1.136454 
0   0 R 7  2       0.993927       1.002850 
0   0 R 7  3       0.947150       0.892752 
0   0 R 7  4       0.798039       0.780202 
0   0 R 7  5       0.922778       0.824601 
0   0 R 7  6       0.925077       0.814630 
0   0 R 7  7       0.929780       0.845524 
0   0 R 7  8       1.017521       0.890288 
0   0 R 7  9       1.127997       0.965842 
0   0 R 7 10       1.142913       0.962612 
0   0 R 7 11       1.071537       1.041101 
0   0 R 7 12       1.176432       1.085228 
0   0 R 7 13       1.166892       1.000645 
0   0 R 7 14       1.172979       1.244186 
0   0 R 7 15       1.233202       1.322153 
0   0 R 7 16       1.219820       1.209447 
0   0 R 7 17       1.184064       1.136678 
0   0 R 7 18       1.387054       1.193790 
0   0 R 7 19       1.563232       1.284827 
0   0 R 7 20       1.564584       1.299976 
0   0 R 7 21       1.718590       1.401637 
0   0 R 7 22       1.854376       1.544713 
0   0 R 7 23       1.706703       1.706703 
0   0 R 7 24       2.404605       2.404605 
0   0 R 8  0       3.739434       4.794419 
0   0 R 8  1       4.797377       4.543980 
0   0 R 8  2       6.571485       6.084823 
0   0 R 8  3       7.255388       7.515240 
0   0 R 8  4       6.130131       7.665422 
0   0 R 8  5       8.748994       9.081822 
0   0 R 8  6       9.065694       9.782014 
0   0 R 8  7       5.791540       6.670448 
0   0 R 8  8       5.914925       6.712248 
0   0 R 8  9       5.263307       5.259095 
0   0 R 8 10       7.337353       7.793642 
0   0 R 8 11       7.560584       6.588835 
0   0 R 8 12       7.540252       5.877476 
0   0 R 8 13      11.311263      10.137834 
0   0 R 8 14       5.469367       3.118178 
0   0 R 8 15       4.355479       3.423499 
0   0 R 8 16       7.193596       5.503842 
0   0 R 8 17       6.145509       5.228948 
0   0 R 8 18       5.090103       7.479870 
0   0 R 8 19       4.824408       9.259119 
0   0 R 8 20       3.942351       6.932008 
0   0 R 8 21       3.312473       7.527706 
0   0 R 8 22       3.180266       6.257923 
0   0 R 8 23       4.458298       4.458298 
0   0 R 8 24       2.371734       2.371734 
0   0 R 9  0       1.488177       2.007207 
0   0 R 9  1       1.461760       2.021787 
0   0 R 9  2       1.582411       2.074175 
0   0 R 9  3       1.661506       2.065908 
0   0 R 9  4       1.662142       2.033655 
0   0 R 9  5       1.612303       2.003086 
0   0 R 9  6       1.556972       1.974125 
0   0 R 9  7       1.639249       1.992970 
0   0 R 9  8       1.728034       2.130353 
0   0 R 9  9       1.881895       2.349138 
0   0 R 9 10       1.974308       2.540249 
0   0 R 9 11       2.181667       2.741744 
0   0 R 9 12       2.266100       2.834081 
0   0 R 9 13       2.214584       2.661274 
0   0 R 9 14       2.448565       2.796804 
0   0 R 9 15       2.120770       2.760591 
0   0 R 9 16       2.640465       3.290553 
0   0 R 9 17       1.949451       3.190753 
0   0 R 9 18       2.528613       3.065370 
0   0 R 9 19       2.440254       2.707847 
0   0 R 9 20       2.458784       2.919520 
0   0 R 9 21       2.389289       2.999297 
0   0 R 9 22       2.381822       2.932927 
0   0 R 9 23       2.387196       2.387196 
0   0 R 9 24       3.008607       3.008607 
0   0 R 10  0       5.127503       5.027198 
0   0 R 10  1       5.300288       5.281485 
0   0 R 10  2       4.971070       5.162412 
0   0 R 10  3       4.820601       5.110861 
0   0 R 10  4       5.024562       5.147467 
0   0 R 10  5       5.348010       5.341831 
0   0 R 10  6       5.683438       5.326421 
0   0 R 10  7       5.403286       5.174466 
0   0 R 10  8       5.394658       4.868142 
0   0 R 10  9       5.206597       4.013742 
0   0 R 10 10       5.405678       3.351767 
0   0 R 10 11       4.524969       3.057023 
0   0 R 10 12       4.442815       2.388193 
0   0 R 10 13       4.661183       2.610033 
0   0 R 10 14       4.016435       2.039123 
0   0 R 10 15       5.050673       2.774897 
0   0 R 10 16       2.956704       2.194461 
0   0 R 10 17       8.995805       2.039684 
0   0 R 10 18       2.470219       2.425856 
0   0 R 10 19       2.897980       5.244845 
0   0 R 10 20       2.335971       2.685374 
0   0 R 10 21       2.309876       2.198340 
0   0 R 10 22       2.447047       2.522438 
0   0 R 10 23       3.122781       3.122781 
0   0 R 10 24       1.733587       1.733587 
0   0 C 0  0 -0.06520  0.25947  1.20813  1.35062 -0.48444 -0.86756  0.40613 -1.56727  0.94083  0.57622  0.50953  0.90365  0.24665  0.36639 -1.12219  0.19816
0   0 C 0  1  0.36223  0.35570  0.32357  1.21342 -0.50169  0.29616 -0.11650  0.55987 -0.39567 -0.80426 -0.04680  0.32725  0.59525 -0.72049  0.86900 -0.11973
0   0 C 0  2  0.54269  0.09197  0.80047  0.80451  1.18919 -0.06628 -0.12547  0.58735  0.67009  0.32855  0.97226  0.80659  0.81858  1.11454  0.61644  0.41649
0   0 C 0  3  0.50663  0.60178  0.58105  0.86410  0.60706  0.14274 -0.07374  0.01179  0.35555  0.35304  0.44888  0.38152 -0.26326  0.38107  0.51867  0.12841
0   0 C 0  4 -0.00708  1.73489  1.14868  0.81491 -0.13362  0.72074  0.43586 -0.04768  0.38954  0.62807  0.55490  0.33085  0.20237  0.48581  0.07204 -0.16277
0   0 C 0  5  0.55601  0.62302  0.27764 -0.40777  0.07070 -0.11877  0.20697 -0.05589  0.26278  0.32903  0.31546 -0.04253  0.53927  0.02473 -0.30123 -0.70703
0   0 C 0  6  0.49859  0.49838  0.55615  0.39466  0.35254  0.30977  0.24978  0.07186  0.39551  0.70722  0.51322  0.27667  0.84596  0.59052  0.29286 -0.01252
0   0 C 0  7  0.24407  0.28031  0.17983  0.47423  0.02733 -0.03573 -0.13991 -0.37946  0.06897 -0.13656  0.00992 -0.05548  0.35755  0.09452 -0.01744 -0.02749
0   0 C 0  8  1.07111  0.78172  0.59517  0.19858  0.62037  0.09545  1.18245  0.12124  0.24060  1.06122  0.34962  0.64905  1.28655  0.41975  0.91764  0.10681
0   0 C 0  9  0.30974 -0.89423  0.16317 -1.24834 -0.45583 -1.15038 -0.45583 -0.34844 -0.05267  0.64637  0.55191 -1.15654  0.57615 -0.05359 -0.11279 -0.28992
0   0 C 0 10  1.47273  0.08044  0.73109  0.04119  0.58572  0.47973  1.02331  0.37938  0.92378  0.10022  0.74592  0.03849  0.53487  0.42990  0.90158  0.99694
0   0 C 0 11  0.99390  0.21799  0.50553 -0.29401  0.17545  0.13324  0.67431  0.40280  0.66178 -0.19579  0.49052  0.05984  0.61466  0.50192  0.89693  0.37171
0   0 C 0 12  0.54791  0.41433  0.33435  0.08589  0.63577  0.18134  0.34780 -0.10360  0.12294 -0.45007  0.26411 -0.16281  0.43544  0.13511  0.24933 -0.00484
0   0 C 0 13  0.17852 -0.17918  0.20485  0.02937  0.97306  0.31184  0.29544 -0.07564  0.06075 -0.41559 -0.02523 -0.14843  0.33011  0.17600  0.09079  0.02156
0   0 C 0 14  0.18575 -0.00047 -0.12488  0.08646  0.41203  0.15444  0.09382  0.01072  0.09907 -0.11858  0.09966 -0.04463  0.10719  0.09661  0.28988  0.03114
0   0 C 0 15  0.16909  0.03376 -0.13258  0.16339  0.16804  0.23345 -0.14427 -0.06117 -0.02389 -0.12837 -0.02000  0.03845  0.23810  0.68351  0.03251  0.48222
0   0 C 0 16 -0.07037 -0.25552 -0.22282  0.60097  0.16036 -0.03143 -0.13154 -0.17205 -0.11421 -0.14757 -0.12015 -0.12179 -0.07538  0.26614 -0.08496  0.14163
0   0 C 0 17 -0.00512  0.02108  0.59198  0.26125  0.01925  0.24230  0.21185 -0.05014 -0.07806  0.00512  0.09877  0.00401  0.03277  0.28139  0.08692  0.06583
0   0 C 0 18  0.06578  0.00029  0.10836  0.11244  0.15068  0.03651 -0.02685 -0.05325 -0.00648 -0.02033  0.08499  0.01467  0.07535  0.16007 -0.00718  0.17176
0   0 C 0 19  0.10752  0.01765  0.11997  0.04131  0.05613  0.11541 -0.01079 -0.15000 -0.16736  0.02800 -0.00134 -0.03422 -0.03893  0.06209  0.07954  0.11709
0   0 C 0 20  0.15213  0.04294  0.09627  0.16829  0.19930  0.13108  0.06402 -0.02905 -0.03845  0.05709  0.00441  0.11170  0.02603  0.22961  0.13962  0.35208
0   0 C 0 21  0.08639 -0.00860  0.04321  0.08590  0.15237  0.16002 -0.00036  0.02494  0.27971 -0.03340 -0.04536  0.02827 -0.18071  0.20090 -0.05526  0.14178
0   0 C 0 22  0.03203  0.02556 -0.08761  0.09651  0.18116 -0.00184 -0.02171  0.02587  0.30087 -0.01779  0.02663  0.00316 -0.10760  0.18720  0.03962  0.02002
0   0 C 0 23  0.09007  0.13265 -0.01560  0.05922 -0.04034  0.01827 -0.00237 -0.09926 -0.10283  0.23401  0.00180 -0.12326 -0.23448  0.02071 -0.04888  0.05708
0   0 C 0 24 -0.02550 -0.01307  0.00742  0.02494  0.02447  0.10915  0.03720  0.02551 -0.09599  0.08767  0.30905 -0.05812 -0.09845  0.07399 -0.00434  0.14675
0   0 C 0 25 -0.06303  0.07316 -0.05630 -0.08292  0.01051  0.00678 -0.04130 -0.01861 -0.09853 -0.07448  0.00288 -0.03217  0.12125 -0.09575 -0.04630 -0.05856
0   0 C 0 26 -0.04103  0.02815 -0.08057 -0.10358 -0.08736 -0.06190  0.02473  0.04976 -0.08248 -0.10168  0.09763  0.02641  0.38047 -0.01269 -0.03897 -0.09230
0   0 C 0 27  0.08654  0.05786  0.02237 -0.02832  0.01001  0.02222  0.02034 -0.00528 -0.03001 -0.05180  0.24946  0.15709  0.27325 -0.04597 -0.17305 -0.05204
0   0 C 0 28  0.03603  0.14608  0.05170 -0.11688 -0.12157  0.08415  0.04749  0.08091 -0.10971 -0.05730  0.12345  0.02417  0.23240 -0.02051 -0.08571 -0.02595
0   0 C 0 29 -0.06781 -0.01846  0.05188 -0.04291 -0.17464  0.04403  0.03514  0.06929 -0.05358 -0.15177 -0.01192 -0.02735  0.11269 -0.14677 -0.14491 -0.13011
0   0 C 0 30  0.04238 -0.04245 -0.00772 -0.04231 -0.15656 -0.01795 -0.04754  0.08655 -0.15497 -0.11333  0.04786 -0.01504  0.05813 -0.21991 -0.14897 -0.16861
0   0 C 0 31  0.01076  0.01825  0.07248 -0.05429 -0.11544  0.01870  0.05752 -0.02439 -0.08989 -0.07460  0.18892 -0.03835  0.05368 -0.15322 -0.12666 -0.12622
0   0 C 0 32  0.07040  0.15526  0.17645  0.05682 -0.02809 -0.06337  0.18839  0.13318  0.00233 -0.06028  0.08473  0.06918  0.15644 -0.09386 -0.14034 -0.05995
0   0 C 0 33 -0.05226  0.03133 -0.08602 -0.03783 -0.24708 -0.09657  0.12663  0.03950 -0.05742 -0.21827 -0.02987  0.01464  0.35647 -0.30625  0.00060 -0.04791
0   0 C 0 34  0.02721  0.12445  0.08272  0.12713 -0.19067  0.05004  0.06966  0.14191 -0.05820  0.12236  0.21288  0.17926  0.72204 -0.09511  0.01964  0.44104
0   0 C 0 35  0.57466  0.36179  0.05691  0.45997 -0.00490  0.27060  0.06060  0.29340  0.08529  0.49477  0.16475  0.39081  0.20817  0.03705  0.03616  0.39743
0   0 C 0 36  0.20359  0.26614 -0.21344  0.53838 -0.10900  0.34405 -0.05708  0.39559  0.16527 -0.00641  0.23270  0.28565  0.16067  0.18549 -0.06126  0.02612
0   0 C 0 37 -0.15835  0.48713 -0.07466  0.06946 -0.23905  0.32459  0.88237  0.62094 -0.13517  0.21137  0.17906  0.39803  0.11899  0.23504 -0.17309  0.00663
0   0 C 0 38  0.04747  0.81834  0.18801  0.06679 -0.44702  0.15587  0.21885  0.79173 -0.05583  0.38085  0.03466  0.24014  0.05184  0.34036 -0.01346  0.49274
0   0 C 0 39  0.28517  1.67883 -0.01566  0.06297 -0.62128  0.20034  0.03172  2.38766  0.28126  0.50403  0.07754  0.26309 -0.49146  0.14213  0.55402  1.14219
0   0 C 0 40  0.94239 -0.12871 -0.86032 -0.09893 -0.34873 -0.11136 -1.44453  0.14208 -0.80964 -0.53041 -0.97195 -0.48163 -1.47209 -0.26234 -0.69714 -0.16281
0   0 C 0 41  0.43912  0.86947  0.05038  0.62434  0.28814  0.70153  1.32179  0.53543  0.13516  0.73431  0.20737  0.90762  0.49163  0.49048  0.56240  0.29483
0   0 C 0 42 -0.21313 -0.41675  0.94996  0.20597 -0.17455 -0.24360  1.37139 -0.04850 -0.23142  0.44672  0.59399 -0.25996 -0.25937 -0.08677  0.00154 -0.06460
0   0 C 0 43 -0.13395  0.55869  0.81635  0.20938  0.24785  0.22984  0.19098  0.64935 -0.41060  0.52287  0.12536 -0.09613  0.04497  0.54293  0.59852  0.61738
0   0 C 0 44 -0.06194  0.04621  0.09792 -0.09654 -0.21727  0.13274  0.02306  0.52795 -0.15208 -0.08238 -0.17258  0.04161 -0.06652 -0.05071 -0.13247  0.14619
0   0 C 0 45 -0.25391 -0.19255  0.28394  0.46630  0.13963  0.15547  0.10395  0.30594  0.63292  0.02697  0.22549  0.86345  0.25988  0.30974  0.20812  0.51566
0   0 C 0 46 -0.04453  0.03435  0.17091  0.32038  0.64644 -0.64789  0.23246  0.16376  0.18852 -0.07582 -0.12082  0.41791  0.04833  0.22308  0.29885  0.73258
0   0 C 0 47  0.49497  0.13378  0.37035  0.43708  0.29011  0.06421  0.55557  0.13648  0.19919  0.23548  0.53550  0.02935  1.09763  0.14333 -0.15883  0.31450
0   0 C 0 48  0.40756 -0.26591 -0.10529  0.66823 -0.39002  0.03694 -0.00781 -0.49217  0.29190  0.32854 -0.30113 -0.46287  0.42818  0.32482 -0.30358  0.08722
0   0 C 0 49  2.00955 -1.03064  0.60333 -0.96153  0.34232 -0.95962  0.15022  1.06719 -0.14067  0.37457  0.24323  0.00866  0.45239  0.49377  1.28846 -0.09118
0   0 S 0 0  0  -0.03125   0.02464
0   0 S 0 0  1  -0.16899  -0.07255
0   0 S 0 0  2  -0.17227  -0.02002
0   0 S 0 0  3  -0.19083  -0.08008
0   0 S 0 0  4  -0.01185  -0.04623
0   0 S 0 0  5  -0.09519   0.00506
0   0 S 0 0  6  -0.07572  -0.14324
0   0 S 0 0  7  -0.00084  -0.13803
0   0 S 0 0  8  -0.04986   0.03475
0   0 S 0 0  9  -0.15883  -0.14971
0   0 S 0 0 10  -0.19305  -0.15347
0   0 S 0 0 11  -0.06609   0.10793
0   0 S 0 0 12  -0.19453   0.06156
0   0 S 0 0 13  -0.38068  -0.17687
0   0 S 0 0 14  -0.39020  -0.07511
0   0 S 0 0 15   0.64494   0.46837
0   0 S 0 0 16  -0.19757  -0.48101
0   0 S 0 0 17   0.05404  -0.10342
0   0 S 0 0 18  -0.11218  -0.29478
0   0 S 0 0 19   0.17847  -0.20068
0   0 S 0 0 20  -0.10306  -0.38664
0   0 S 0 0 21  -0.20094  -0.47891
0   0 S 0 0 22  -0.24354  -0.44109
0   0 S 0 0 23  -0.22770  -0.22770
0   0 S 0 0 24  -0.52698  -0.52698
0   0 S 0 1  0   0.02299  -0.01782
0   0 S 0 1  1   0.06012   0.03156
0   0 S 0 1  2   0.08066  -0.00194
0   0 S 0 1  3   0.09438   0.01714
0   0 S 0 1  4   0.02703  -0.00326
0   0 S 0 1  5   0.04754  -0.01350
0   0 S 0 1  6   0.04430   0.04165
0   0 S 0 1  7   0.01990   0.03289
0   0 S 0 1  8   0.03055  -0.03501
0   0 S 0 1  9   0.09227  -0.00136
0   0 S 0 1 10   0.09372   0.00368
0   0 S 0 1 11   0.03750  -0.12665
0   0 S 0 1 12   0.08944  -0.09918
0   0 S 0 1 13   0.16731  -0.02277
0   0 S 0 1 14   0.16505  -0.02626
0   0 S 0 1 15  -0.27499  -0.14708
0   0 S 0 1 16   0.10262   0.12941
0   0 S 0 1 17  -0.02159   0.04911
0   0 S 0 1 18   0.06120   0.09767
0   0 S 0 1 19  -0.06108   0.07403
0   0 S 0 1 20   0.09083   0.11546
0   0 S 0 1 21   0.14217   0.15955
0   0 S 0 1 22   0.21187   0.13101
0   0 S 0 1 23   0.08927   0.08927
0   0 S 0 1 24   0.19847   0.19847
0   0 S 0 2  0  -0.00000  -0.00000
0   0 S 0 2  1  -0.00000  -0.00000
0   0 S 0 2  2  -0.00000  -0.00000
0   0 S 0 2  3  -0.00000  -0.00000
0   0 S 0 2  4  -0.00000  -0.00000
0   0 S 0 2  5  -0.00000  -0.00000
0   0 S 0 2  6  -0.00000  -0.00000
0   0 S 0 2  7  -0.00000  -0.00000
0   0 S 0 2  8  -0.00000  -0.00000
0   0 S 0 2  9  -0.00000  -0.00000
0   0 S 0 2 10  -0.00000  -0.00000
0   0 S 0 2 11  -0.00000  -0.00000
0   0 S 0 2 12  -0.00000  -0.00000
0   0 S 0 2 13  -0.00000  -0.00000
0   0 S 0 2 14  -0.00000  -0.00000
0   0 S 0 2 15  -0.00000  -0.00000
0   0 S 0 2 16  -0.00000  -0.00000
0   0 S 0 2 17  -0.00000  -0.00000
0   0 S 0 2 18  -0.00000  -0.00000
0   0 S 0 2 19  -0.00000  -0.00000
0   0 S 0 2 20  -0.00000  -0.00000
0   0 S 0 2 21  -0.00000  -0.00000
0   0 S 0 2 22  -0.00000  -0.00000
0   0 S 0 2 23  -0.00000  -0.00000
0   0 S 0 2 24  -0.00000  -0.00000
0   0 K  0 -0.02047  0.01193  0.08946  0.02496  0.04730 -0.01381 -0.05823 -0.00529 -0.05790 -0.02737  0.17745  0.03945  0.01733  0.09021  0.13272  0.08986 -0.10175 -0.10448  0.02364  0.02736 -0.04400 -0.03946  0.01786 -0.07403  0.02284 -0.10716 -0.02758 -0.10280  0.04846 -0.00956  0.08298  0.01104
0   0 K  1  0.10148  0.00916  0.17818  0.05019  0.01998 -0.02307 -0.09630  0.08951 -0.01377  0.11855  0.14335  0.08590  0.07295  0.09319  0.14562 -0.05499  0.07252 -0.01208  0.00515 -0.04879 -0.01890 -0.00718 -0.04063  0.04841 -0.02271 -0.06605  0.01145 -0.12786  0.09397 -0.05788  0.03863  0.03568
0   0 K  2  0.17921  0.20503  0.14576  0.05081  0.06222  0.19468 -0.04790  0.06023  0.08786 -0.00586  0.14237  0.26018  0.13732  0.10426  0.12683  0.07824  0.03955 -0.00345  0.15633  0.08078  0.12381  0.06262 -0.05831  0.02287  0.09325  0.08354  0.12457  0.03033  0.08482  0.14727  0.07499  0.16027
0   0 K  3  0.15351  0.11181  0.12626  0.07060  0.16246  0.12934 -0.06436  0.03033  0.06951  0.16795  0.12986  0.19844  0.10090  0.08973  0.28645  0.26417  0.07188 -0.06020  0.09541  0.00045  0.10537  0.05738  0.00635  0.21497  0.09015  0.00055  0.11055  0.10563  0.12646  0.13774  0.09420  0.10141
0   0 K  4  0.15023  0.20839  0.13909  0.16281  0.17991  0.06008  0.00006  0.13221  0.13827  0.15567  0.07757  0.22285  0.23435  0.20048  0.20698  0.15693  0.06102  0.05515  0.09976  0.02083  0.20822 -0.00814  0.10976  0.12963  0.13343  0.03534  0.15564  0.13506  0.09112  0.15879  0.24763  0.19383
0   0 K  5  0.21835  0.04688  0.10959  0.14150  0.17456  0.01881 -0.01433  0.14707  0.04869  0.10730  0.11905  0.24983  0.14250  0.20886  0.11707  0.17219  0.02660  0.08763  0.14444 -0.00792  0.11495  0.09901  0.01035  0.09229  0.09367  0.20655  0.04819 -0.04760  0.14671  0.06535  0.11588  0.10600
0   0 K  6  0.17769  0.25392  0.23837  0.21474  0.32902  0.17123  0.18745  0.21034  0.18338  0.22570  0.28233  0.27631  0.29224  0.27200  0.29106  0.38880  0.16299  0.19581  0.20867  0.20051  0.20121  0.14660  0.29786  0.22900  0.24449  0.24243  0.27283  0.23648  0.17903  0.22896  0.30294  0.26254
0   0 K  7  0.29570  0.28554  0.31295  0.17137  0.24302  0.18568  0.11588  0.22351  0.23356  0.21784  0.18068  0.24874  0.28685  0.33814  0.38382  0.19126  0.07595  0.24946  0.28576  0.29147  0.25340  0.16169  0.13721  0.22241  0.34450  0.29936  0.27065  0.24844  0.30574  0.21883  0.36001  0.25520
0   0 K  8  0.17872  0.20447  0.28951  0.20062  0.22345  0.21740  0.13265  0.33921  0.19168  0.28215  0.24208  0.45260  0.33689  0.42417  0.29789  0.37812  0.26781  0.14766  0.23149  0.21983  0.27783  0.17280  0.22692  0.22610  0.32515  0.25268  0.31546  0.22088  0.21544  0.24638  0.19439  0.19325
0   0 K  9  0.40649  0.55862  0.45592  0.41304  0.26015  0.29616  0.43998  0.42568  0.35277  0.44473  0.56650  0.55397  0.56166  0.40243  0.65508  0.65067  0.35037  0.34514  0.41731  0.42765  0.39615  0.27664  0.28750  0.39156  0.48122  0.34667  0.46705  0.37477  0.53212  0.44828  0.49852  0.41213
0   0 K 10  0.79013  0.62651  0.75295  0.65139  0.72496  0.62741  0.57535  0.73499  0.72333  0.66508  0.82841  0.91008  0.81719  0.78204  0.79118  0.83169  0.63585  0.49511  0.58105  0.55269  0.80922  0.59070  0.65799  0.64487  0.71394  0.68967  0.69179  0.77263  0.64267  0.73456  0.79714  0.80439
0   0 K 11  0.77799  0.73002  0.82092  0.73338  0.71683  0.67762  0.59053  0.81293  0.71285  0.69895  0.78648  0.89145  0.85545  0.98404  0.88145  0.82537  0.62647  0.61618  0.54977  0.65500  0.77079  0.56313  0.67152  0.80164  0.81455  0.74824  0.69346  0.68725  0.69070  0.74316  0.83475  0.69731
0   0 K 12  0.80489  0.77812  0.84458  0.67930  0.85406  0.83981  0.78741  0.88806  0.85722  0.80996  0.99635  0.91528  0.92214  0.82846  1.02582  1.02429  0.69337  0.76782  0.77870  0.58525  0.67460  0.80613  0.65549  0.75881  0.71301  0.72697  0.72957  0.88354  0.82517  0.86090  1.00182  0.81318
0   0 K 13  0.98769  1.17633  1.09056  1.18694  1.36891  1.35409  1.14843  1.25795  1.37243  1.27933  1.47377  1.30530  1.29294  1.45559  1.45611  1.38398  1.20711  1.19394  1.02503  0.94566  1.16989  1.10735  1.05794  1.12167  1.10113  1.09601  1.21145  1.37894  1.35915  1.26126  1.19548  1.34578
0   0 K 14  1.56134  1.41923  1.78596  1.51139  1.74034  1.63428  1.59812  1.54827  1.63466  1.56562  1.77436  1.87366  1.60402  1.68262  1.63981  1.91899  1.61047  1.65568  1.41390  1.65179  1.40913  1.60724  1.66738  1.64087  1.53226  1.37848  1.57726  1.60061  1.63640  1.57130  1.89732  1.49049
0   0 K 15  0.53722  0.86428  0.96227  0.41179  0.42370  0.39253  0.87067  0.71896  0.65167  0.35115  0.76392  0.70343  1.11535  0.85078  0.62995  0.87834  0.63784  0.27619  0.51321  0.42022  0.80843  1.00211  0.57149  0.70603  0.82796  0.85893  0.66165  1.14980  0.87418  0.70466  0.77798  0.88601
0   0 K 16  1.89371  1.48404  1.69131  1.78826  1.85946  1.67864  1.72320  1.81735  1.79948  1.73943  1.80539  2.02469  1.74838  2.02553  2.00202  1.82732  1.65692  1.54119  1.46819  1.69301  1.75445  1.91778  1.90501  1.62509  1.61215  1.87330  1.91185  2.06828  2.14012  2.04608  2.00966  1.99989
0   0 K 17  1.11537  0.83884  0.63746  0.96462  0.83669  0.95992  0.70551  0.63369  0.86665  0.88762  1.15387  1.28707  1.12220  1.08210  0.98577  1.01316  0.84482  0.54129  0.55863  0.57458  0.78023  0.80119  0.79892  0.92835  0.88777  0.71449  0.88737  1.06810  1.11349  1.12191  0.99277  1.09753
0   0 K 18  1.66901  1.72842  1.71901  1.64558  1.67323  1.69729  1.48463  1.51528  1.61865  1.70513  2.11768  1.96408  1.91462  2.30346  2.10192  2.02545  1.47727  1.21986  1.46862  1.31238  1.47492  1.57802  1.72152  1.70345  1.68444  1.62145  1.67882  1.75155  2.03485  1.83255  1.80159  1.94278
0   0 K 19  1.31895  0.90003  0.85357  1.00171  1.05544  1.05136  1.02827  0.91939  1.06089  1.16066  1.32248  1.31458  1.50244  1.33704  1.47011  1.36832  0.91769  0.79618  0.77453  0.72949  0.75760  1.05602  1.03098  0.86818  0.95167  0.88848  0.99127  1.42036  1.11641  1.28161  1.12772  1.34892
0   0 K 20  1.12405  0.79211  0.76646  0.88923  0.92343  1.00135  0.81449  0.87789  0.74585  0.98419  1.36313  1.37376  1.42953  1.33254  1.34645  1.36761  0.84504  0.89073  0.70247  0.51749  0.97507  1.07101  1.14649  1.10326  1.14146  0.97556  0.93463  1.51577  1.28222  1.27436  1.28261  1.40329
0   0 K 21  0.91889  0.59053  0.70999  0.65783  1.04298  0.94241  0.66166  0.73858  0.69582  0.69193  1.33480  1.30203  1.31956  1.29114  1.62460  1.34689  0.82109  0.77413  0.72416  0.66807  0.94757  1.11003  1.07465  0.88411  0.84445  1.10687  0.85800  1.62273  1.43002  1.32352  1.23781  1.31688
0   0 K 22  1.18809  0.92898  0.99747  0.82569  1.42486  1.38763  1.00043  1.29069  1.09573  0.99737  1.81682  1.78610  1.80030  1.87579  1.97884  1.88672  1.08179  0.93594  1.09458  0.82680  1.20318  1.40343  1.25904  1.48538  1.40091  1.10159  1.08421  2.03153  1.72583  1.58433  1.35082  1.65702
0   0 K 23  0.23196  0.08076  0.41401  0.01990  0.73700  0.68731  0.32215  0.33499  0.28071  0.29241  0.90173  1.15216  1.15414  1.21443  1.15622  1.28918  0.44611  0.26049  0.47338  0.05329  0.64212  0.82471  0.59707  0.83734  0.55178  0.35177  0.65030  1.13998  1.02523  1.04119  1.22062  1.04490
0   0 K 24  0.28544  0.57645  0.66431  0.58244  1.05406  0.75331  0.36807  0.81986  0.62257  0.79835  1.45488  1.07394  1.47157  1.51313  1.75155  1.77097  0.89384  0.35332  0.64230  0.77297  0.90869  0.84692  0.70730  0.95629  0.54374  0.58888  0.73384  1.35038  1.17742  1.29062  1.44643  1.27705
0   0 C 1  0  0.70553  0.27508 -0.23719 -0.05737 -1.05266 -0.87467 -0.57027  0.29877  0.05807 -0.29617  0.54830  1.51467  0.48037  0.00377 -0.43574 -0.14681
0   0 C 1  1  0.80867  0.23551 -0.32078 -0.03411 -1.64455 -0.80834 -0.35109  0.48279  0.26030 -0.00892  0.04795  0.12418  0.31164 -0.11221 -0.39337  0.82809
0   0 C 1  2  0.58778  0.39530  0.12797  0.02499 -0.68871  0.24814  0.01900  0.24836  0.18506  0.09384  0.27966  0.46802  0.27214  0.24140 -0.16152  0.49579
0   0 C 1  3  0.03957 -0.31566  0.18885  0.35677 -0.45138 -0.13663  0.09848  0.37321 -0.29697 -0.24620  0.60134  0.85524  0.88538  0.38293  0.74462  0.48420
0   0 C 1  4  0.78331  0.35309 -0.31301 -0.12017  0.50405 -0.06966 -0.15097  0.03271  0.06585  0.33946  0.23038  0.56910  0.86471  0.38624  0.41505  0.32086
0   0 C 1  5  0.00937 -0.54077  0.05602  0.09966 -0.29220 -0.05975  0.06421  0.03038 -0.74332  0.00194  0.03711  0.42924  0.31305  0.38434  0.93708  0.48898
0   0 C 1  6  0.10824  0.61205 -0.12593 -0.21808 -0.03917  0.29243  0.07944  0.05037 -0.23698  0.03210 -0.20010  0.17340  0.13750  0.32132  0.57614  0.16936
0   0 C 1  7 -0.06359 -0.10225 -0.40375 -0.30511 -0.09650 -0.05483  0.01621  0.14331 -0.02745  0.33874 -0.07490  0.17501  0.21094  0.20528  1.10447  0.06296
0   0 C 1  8 -0.10406  0.02726 -0.11519 -0.15944 -0.30834  0.08244  0.03579 -0.01176 -0.22353 -0.06586  0.27455 -0.08253  0.49568  0.25153  0.82584  0.26069
0   0 C 1  9 -0.45754  0.25966  0.43504 -0.12646  0.28994  0.03240  0.29073 -0.70613 -0.54139 -0.10898  0.10884 -0.13074  0.09694 -0.00959  0.21112 -0.34690
0   0 C 1 10  0.32700  0.22950  0.06731 -0.08730  0.06641 -0.12366  0.44524 -0.15173  0.16276 -0.22240 -0.40103  0.06209  0.09913 -0.20799  0.36332  0.32205
0   0 C 1 11  0.05522  0.32397 -0.14126 -0.10056  0.09246 -0.09512  0.45215  0.14858  0.15891 -0.06901  0.06419  0.27793  0.68114  0.01531  0.19746  0.09441
0   0 C 1 12 -0.29389  0.10545 -0.27538 -0.02045  0.10709 -0.06103  0.21457 -0.34817 -0.35418 -0.47082 -0.36046 -0.00413  0.19997 -0.21166 -0.08090 -0.20354
0   0 C 1 13 -0.03680 -0.05981 -0.21536  0.08999  0.30606  0.20054  0.05630 -0.30140 -0.07486 -0.27837 -0.19185  0.12738  0.09210  0.00299 -0.13078 -0.19399
0   0 C 1 14 -0.15186 -0.05089 -0.18278  0.00068 -0.20551 -0.19567 -0.07053 -0.17076 -0.11321 -0.24429 -0.11174  0.01262 -0.00763 -0.11172 -0.13278 -0.11244
0   0 C 1 15 -0.14401 -0.05739 -0.23160 -0.26773 -0.38329 -0.29998 -0.15334 -0.22591 -0.12541 -0.12730 -0.02724 -0.15715 -0.06492  0.08817  0.04064  0.12112
0   0 C 1 16 -0.08301  0.06528 -0.09373  0.19090 -0.10773 -0.13124 -0.11953  0.10471 -0.02178  0.05055  0.24082 -0.06265 -0.00048  0.13354  0.07741 -0.10888
0   0 C 1 17  0.04970 -0.06489  0.22009 -0.09370 -0.12765 -0.11964 -0.03889 -0.00256 -0.24839 -0.13022  0.12446 -0.11708 -0.07676 -0.01397 -0.09840  0.01842
0   0 C 1 18 -0.05914 -0.02350 -0.00108  0.07631 -0.12346 -0.05428 -0.09223  0.02757 -0.20234 -0.10718  0.02444 -0.06564 -0.14819 -0.07823 -0.03273 -0.07468
0   0 C 1 19  0.05225 -0.02773  0.07127  0.07553 -0.07647 -0.10350 -0.00727 -0.07303 -0.05581 -0.00189 -0.05108 -0.03060 -0.23779  0.01578 -0.08645 -0.00123
0   0 C 1 20 -0.05807  0.01375 -0.01968  0.12268 -0.17294 -0.15924 -0.05428 -0.04185 -0.10531  0.04198  0.03547  0.01534 -0.02491 -0.14813 -0.00235  0.00993
0   0 C 1 21  0.08692  0.01041  0.02953  0.07364  0.03353 -0.11214  0.07727  0.02811  0.02241  0.02826  0.00543 -0.00478 -0.04247 -0.18634 -0.00999 -0.00291
0   0 C 1 22  0.02631  0.08436  0.03933  0.08193  0.04709 -0.07525  0.10304  0.18657  0.13304  0.03133  0.00839 -0.00698  0.01397 -0.11296 -0.18836 -0.06835
0   0 C 1 23  0.11236  0.14402  0.06469 -0.00522 -0.05498 -0.09331 -0.00443  0.07540  0.00313  0.03960  0.11517 -0.10841 -0.05811 -0.21336  0.08453 -0.04789
0   0 C 1 24  0.13221  0.03859  0.08099 -0.01446  0.01195 -0.00951  0.16648  0.07570  0.07770 -0.04337  0.14719 -0.00666 -0.15389 -0.11920 -0.03577  0.01130
0   0 C 1 25 -0.09721  0.04058  0.10246 -0.02949 -0.07826 -0.01840 -0.01567  0.05763  0.08195  0.08032  0.06452 -0.05487 -0.15182 -0.08116 -0.08464 -0.02028
0   0 C 1 26 -0.04425  0.07063  0.05072 -0.08340 -0.03180  0.09845  0.00876  0.10696  0.20117 -0.03925 -0.01945 -0.01366 -0.03892 -0.06604 -0.09591  0.07499
0   0 C 1 27 -0.00833  0.03178  0.01537 -0.04552 -0.00372  0.13807 -0.01472  0.16037  0.04429 -0.08768  0.00504 -0.03087 -0.07368  0.00006 -0.18554 -0.03575
0   0 C 1 28  0.10356  0.02837  0.03647 -0.02825  0.03989  0.07028  0.05269  0.10370  0.05659 -0.06820 -0.03100 -0.01502 -0.06052 -0.06059 -0.11288 -0.06663
0   0 C 1 29  0.11700  0.04032  0.12114  0.03614  0.03270  0.18047  0.12020  0.15374  0.07622  0.03809  0.07410 -0.14235 -0.22094  0.05175 -0.05570  0.00743
0   0 C 1 30  0.06324  0.03148  0.23500  0.00860 -0.08362  0.16702  0.08012  0.12238  0.04843  0.09402  0.09743 -0.09063 -0.11405  0.00630 -0.17816  0.02694
0   0 C 1 31  0.15056  0.06784  0.19521 -0.07912 -0.02642  0.27697  0.13847  0.19073  0.04985  0.23502 -0.00060 -0.08310 -0.10589  0.02657 -0.04302 -0.01469
0   0 C 1 32  0.12753 -0.01835  0.08844  0.03998  0.06291  0.20627  0.04916  0.10512  0.07002  0.14427  0.03720 -0.13987  0.02888  0.09562  0.00178  0.04194
0   0 C 1 33 -0.00165 -0.01061 -0.07700 -0.09059  0.00723  0.10576  0.05283  0.11919  0.23223 -0.02458  0.12224 -0.06347  0.07358 -0.00095 -0.14318 -0.14411
0   0 C 1 34  0.10862  0.17396 -0.02076 -0.06155  0.25857  0.26088  0.15005  0.11205  0.24133  0.15085  0.09597  0.09729  0.43333  0.15700 -0.04152  0.20456
0   0 C 1 35  0.18003  0.04447 -0.05421 -0.01373  0.16061  0.18529  0.05613  0.15728  0.27973  0.34969 -0.00151  0.04823  0.02513  0.15803 -0.02696  0.10059
0   0 C 1 36  0.10598  0.04947 -0.20945 -0.00191  0.16916  0.28692  0.00502 -0.02634  0.09138  0.09467 -0.03540  0.04448  0.16260  0.07895 -0.19035  0.00043
0   0 C 1 37  0.02616  0.26884  0.02244  0.13231  0.27010  0.11697  0.66225  0.02091  0.06649  0.08938  0.21434  0.18576  0.46933  0.01523 -0.11219 -0.05143
0   0 C 1 38 -0.27481  0.25012 -0.17837 -0.01684 -0.19999 -0.34987  0.06041 -0.17286 -0.03719  0.11451 -0.20866  0.13468  0.05268 -0.37262 -0.34478 -0.23220
0   0 C 1 39 -0.28949  0.78789 -0.25410 -0.27137 -0.34839 -0.50693  0.16804  0.50344  0.18528  0.08780 -0.21599 -0.00696 -0.20532 -0.41990  0.28209 -0.03723
0   0 C 1 40 -0.40863  0.25445 -0.24602 -0.11930  0.19143  0.12183  0.43310 -0.09450 -0.58721  0.10610  0.11919  0.82084  0.17257 -0.33476  0.29933 -0.25811
0   0 C 1 41 -0.13378 -0.05576 -0.10510 -0.28750 -0.13132  0.04884  0.14071 -0.05640 -0.10558 -0.11242  0.35588  0.19288 -0.16943 -0.06712  0.06246 -0.29249
0   0 C 1 42 -0.07830 -0.03852  0.11760 -0.10288 -0.33810 -0.00375  0.05349 -0.18997 -0.00088  0.16859  0.34185 -0.01212 -0.04294 -0.33968  0.07994 -0.14579
0   0 C 1 43 -0.35415 -0.24515 -0.52387 -0.43023  0.22060 -0.05789  0.12260 -0.35072  0.36156  0.38598  0.40717  0.25309 -0.10987 -0.68775  0.28894 -0.56119
0   0 C 1 44 -0.34312 -0.04453 -0.37025 -0.23608 -0.00829  0.07358 -0.11357 -0.09503  0.31302  0.51272  0.28954 -0.07869 -0.17491 -0.14565  0.10514 -0.69960
0   0 C 1 45 -0.43049 -0.21679 -0.99274 -0.33523  0.03612 -0.17676 -0.14974 -0.00020 -0.19744  0.17623 -0.04495  0.45998 -0.76257 -0.64800  0.09896 -0.42049
0   0 C 1 46 -0.23998 -0.12588 -0.39612 -0.33695 -0.35786  0.19218  0.39879  0.07276 -0.15901 -0.02417 -0.21713 -0.31391 -0.21082 -0.51640 -0.27780 -0.67262
0   0 C 1 47 -0.00923 -0.26843 -0.58186 -0.43317 -0.33367 -0.26241 -0.17221  0.37184 -0.04181 -0.44633 -0.13556  0.19421 -0.61240 -0.10259 -0.34645  0.06154
0   0 C 1 48 -0.00772  0.43039 -0.35880 -0.34440 -0.22348 -0.11311  0.49824  0.68519  0.41036 -0.37020 -0.15581  0.06989 -0.30382 -0.55658 -0.19430  0.71935
0   0 C 1 49 -0.63323  0.01313  0.02483  0.64628  0.74629  0.43953 -0.01071  0.35476 -0.88418 -0.57640 -0.71704  0.64094  0.33033 -0.64468 -0.28205  1.00198
0   0 S 1 0  0   0.58464   0.46610
0   0 S 1 0  1  -0.32739   0.46857
0   0 S 1 0  2   0.02348  -0.00959
0   0 S 1 0  3   0.45850   0.22480
0   0 S 1 0  4   0.79478  -0.11886
0   0 S 1 0  5   0.62518   0.38128
0   0 S 1 0  6   0.73167   0.16034
0   0 S 1 0  7   0.06257   0.16847
0   0 S 1 0  8  -0.14608   0.01832
0   0 S 1 0  9   0.60500  -0.40271
0   0 S 1 0 10  -0.19099   0.06912
0   0 S 1 0 11   0.82280   0.00671
0   0 S 1 0 12   0.47543  -1.06101
0   0 S 1 0 13   0.08143  -1.08501
0   0 S 1 0 14   0.46005   0.85213
0   0 S 1 0 15   1.85603   2.00252
0   0 S 1 0 16   1.84478   0.91865
0   0 S 1 0 17   2.05415   0.62938
0   0 S 1 0 18   1.82479  -0.10299
0   0 S 1 0 19   0.08797  -0.08495
0   0 S 1 0 20   0.18901  -0.70964
0   0 S 1 0 21   0.76423  -0.46300
0   0 S 1 0 22   1.05554  -0.68940
0   0 S 1 0 23   1.14805   1.14805
0   0 S 1 0 24  -0.06396  -0.06396
0   0 S 1 1  0   0.04795   0.02599
0   0 S 1 1  1   0.17383   0.05105
0   0 S 1 1  2   0.15987   0.12769
0   0 S 1 1  3   0.12892   0.08165
0   0 S 1 1  4   0.05260   0.12979
0   0 S 1 1  5   0.09784   0.02710
0   0 S 1 1  6   0.03271   0.08690
0   0 S 1 1  7   0.19006   0.07733
0   0 S 1 1  8   0.18681   0.09330
0   0 S 1 1  9   0.19110   0.14403
0   0 S 1 1 10   0.29080   0.07051
0   0 S 1 1 11   0.12533  -0.05402
0   0 S 1 1 12   0.20554   0.06637
0   0 S 1 1 13   0.23974   0.02936
0   0 S 1 1 14   0.19271  -0.19947
0   0 S 1 1 15   0.10723  -0.29328
0   0 S 1 1 16   0.09759  -0.03153
0   0 S 1 1 17   0.00608   0.09877
0   0 S 1 1 18   0.06610   0.13397
0   0 S 1 1 19   0.35551   0.18460
0   0 S 1 1 20   0.41122   0.32779
0   0 S 1 1 21   0.39121   0.31898
0   0 S 1 1 22   0.33708   0.31823
0   0 S 1 1 23   0.14229   0.14229
0   0 S 1 1 24   0.44016   0.44016
0   0 S 1 2  0   0.09571   0.09074
0   0 S 1 2  1   0.01013   0.09733
0   0 S 1 2  2   0.04827   0.06000
0   0 S 1 2  3   0.10322   0.08085
0   0 S 1 2  4   0.11981   0.05193
0   0 S 1 2  5   0.11391   0.08854
0   0 S 1 2  6   0.10175   0.08114
0   0 S 1 2  7   0.05528   0.08561
0   0 S 1 2  8   0.02747   0.07311
0   0 S 1 2  9   0.13433   0.06164
0   0 S 1 2 10   0.05049   0.13416
0   0 S 1 2 11   0.14780   0.12361
0   0 S 1 2 12   0.13023   0.01652
0   0 S 1 2 13   0.08779   0.00000
0   0 S 1 2 14   0.12485   0.17251
0   0 S 1 2 15   0.28250   0.38463
0   0 S 1 2 16   0.28614   0.24443
0   0 S 1 2 17   0.28513   0.22520
0   0 S 1 2 18   0.26932   0.10602
0   0 S 1 2 19   0.10302   0.11961
0   0 S 1 2 20   0.11889   0.07870
0   0 S 1 2 21   0.19601   0.09787
0   0 S 1 2 22   0.21698   0.05405
0   0 S 1 2 23   0.23851   0.23851
0   0 S 1 2 24   0.17968   0.17968
0   0 F  0   0.99967   0.99967   1.00159   1.00159   1.00880   1.00880   0.99938   0.99938   0.98706   0.98706   0.99986   0.99986   1.00411   1.00411   0.99726   0.99726   0.99090   0.99090   0.99233   0.99233   0.99086   0.99086   0.97769   0.97769   0.97800
0   0 F  1   1.04608   1.04608   1.05420   1.05420   1.07659   1.07659   1.08510   1.08510   1.08008   1.08008   1.09855   1.09855   1.10103   1.10103   1.09477   1.09477   1.06827   1.06827   1.06175   1.06175   1.02552   1.02552   0.94453   0.94453   0.90809
0   0 F  2   1.09973   1.09973   1.11060   1.11060   1.05971   1.05971   1.07909   1.07909   1.08021   1.08021   1.10189   1.10189   1.09071   1.09071   1.12786   1.12786   1.07496   1.07496   1.06038   1.06038   1.04300   1.04300   0.96111   0.96111   0.91832
0   0 F  3   1.13542   1.13542   1.05957   1.05957   1.08129   1.08129   1.08931   1.08931   1.07300   1.07300   1.09207   1.09207   1.11103   1.11103   1.10761   1.10761   1.08583   1.08583   1.06222   1.06222   1.03899   1.03899   0.98648   0.98648   0.92953
0   0 F  4   1.07897   1.07897   1.10147   1.10147   1.08115   1.08115   1.05281   1.05281   1.04425   1.04425   1.10606   1.10606   1.10133   1.10133   1.08536   1.08536   1.06418   1.06418   1.06524   1.06524   1.05491   1.05491   0.98089   0.98089   0.86953
0   0 F  5   1.07561   1.07561   1.08621   1.08621   1.06922   1.06922   1.07595   1.07595   1.04754   1.04754   1.11471   1.11471   1.08791   1.08791   1.09656   1.09656   1.08868   1.08868   1.06041   1.06041   1.03405   1.03405   0.93644   0.93644   0.87748
0   0 F  6   1.09606   1.09606   1.06599   1.06599   1.09926   1.09926   1.07975   1.07975   1.07753   1.07753   1.12037   1.12037   1.09961   1.09961   1.09227   1.09227   1.08530   1.08530   1.07445   1.07445   1.05977   1.05977   1.00616   1.00616   0.87193
0   0 F  7   1.12745   1.12745   1.09540   1.09540   1.07520   1.07520   1.07233   1.07233   1.07907   1.07907   1.11059   1.11059   1.10081   1.10081   1.08300   1.08300   1.08589   1.08589   1.07774   1.07774   1.07121   1.07121   0.98493   0.98493   0.90525
0   0 F  8   1.07583   1.07583   1.09159   1.09159   1.06039   1.06039   1.09305   1.09305   1.06923   1.06923   1.11863   1.11863   1.12407   1.12407   1.10083   1.10083   1.08497   1.08497   1.08895   1.08895   1.08120   1.08120   0.96091   0.96091   0.95082
