NSET 1
NMEM 1
CPHI 16 
CETA 50 -2.50 -2.40 -2.30 -2.20 -2.10 -2.00 -1.90 -1.80 -1.70 -1.60 -1.50 -1.40 -1.30 -1.20 -1.10 -1.00 -0.90 -0.80 -0.70 -0.60 -0.50 -0.40 -0.30 -0.20 -0.10  0.00  0.10  0.20  0.30  0.40  0.50  0.60  0.70  0.80  0.90  1.00  1.10  1.20  1.30  1.40  1.50  1.60  1.70  1.80  1.90  2.00  2.10  2.20  2.30  2.40  2.50 
RMIN  0 
NEXT  2  0.00  0.95  1.20 
RETA 25  0.00  0.10  0.20  0.30  0.40  0.50  0.60  0.70  0.80  0.90  1.00  1.10  1.20  1.30  1.40  1.50  1.60  1.70  1.80  1.90  2.00  2.10  2.20  2.30  2.40  2.50 
KRUN 32 315256 315639 315763 316059 316198 316456 316699 316875 317278 317434 317639 318871 319523 319696 319991 320687 320886 321054 321166 321304 321456 321776 321908 322021 322203 322354 322624 323724 323953 324292 324834 324979 325173 
FRUN  8 0.000 0.119 0.246 0.364 0.492 0.612 0.742 0.872 1.000 
0   0 T 0  0    0.00000   0.29734   1.00000
0   0 T 0  1    0.00000   0.30553   1.00000
0   0 T 0  2    0.00000   0.34595   1.00000
0   0 T 0  3    0.00000   0.39914   1.00000
0   0 T 0  4    0.00000   0.42810   1.00000
0   0 T 0  5    0.00000   0.44919   1.00000
0   0 T 0  6    0.00000   0.47001   1.00000
0   0 T 0  7    0.00000   0.50477   1.00000
0   0 T 0  8    0.00000   0.57547   1.00000
0   0 T 0  9    0.00000   0.65708   1.00000
0   0 T 0 10    0.00000   0.75485   1.00000
0   0 T 0 11    0.00000   0.85576   1.00000
0   0 T 0 12    0.00000   0.88428   1.00000
0   0 T 0 13    0.00000   0.89713   1.00000
0   0 T 0 14    0.00000   0.88806   1.00000
0   0 T 0 15    0.00000   0.80886   1.00000
0   0 T 0 16    0.00000   0.76158   1.00000
0   0 T 0 17    0.00000   0.70369   1.00000
0   0 T 0 18    0.00000   0.60494   1.00000
0   0 T 0 19    0.00000   0.45339   1.00000
0   0 T 0 20    0.00000   0.33986   1.00000
0   0 T 0 21    0.00000   0.25356   1.00000
0   0 T 0 22    0.00000   0.19348   1.00000
0   0 T 0 23    0.00000   1.00000   1.00000
0   0 T 0 24    0.00000   1.00000   1.00000
0   0 T 1  0    0.00000   0.30258   1.00000
0   0 T 1  1    0.00000   0.30757   1.00000
0   0 T 1  2    0.00000   0.34908   1.00000
0   0 T 1  3    0.00000   0.40787   1.00000
0   0 T 1  4    0.00000   0.43627   1.00000
0   0 T 1  5    0.00000   0.45521   1.00000
0   0 T 1  6    0.00000   0.48073   1.00000
0   0 T 1  7    0.00000   0.51299   1.00000
0   0 T 1  8    0.00000   0.58853   1.00000
0   0 T 1  9    0.00000   0.67619   1.00000
0   0 T 1 10    0.00000   0.76826   1.00000
0   0 T 1 11    0.00000   0.85654   1.00000
0   0 T 1 12    0.00000   0.89209   1.00000
0   0 T 1 13    0.00000   0.90530   1.00000
0   0 T 1 14    0.00000   0.89419   1.00000
0   0 T 1 15    0.00000   0.84923   1.00000
0   0 T 1 16    0.00000   0.79612   1.00000
0   0 T 1 17    0.00000   0.74616   1.00000
0   0 T 1 18    0.00000   0.64164   1.00000
0   0 T 1 19    0.00000   0.52106   1.00000
0   0 T 1 20    0.00000   0.38795   1.00000
0   0 T 1 21    0.00000   0.29689   1.00000
0   0 T 1 22    0.00000   0.20830   1.00000
0   0 T 1 23    0.00000   1.00000   1.00000
0   0 T 1 24    0.00000   1.00000   1.00000
0   0 R 0  0       0.001643       0.005366 
0   0 R 0  1       0.000830       0.004761 
0   0 R 0  2       0.002365       0.005192 
0   0 R 0  3       0.002445       0.001582 
0   0 R 0  4       0.005654       0.004512 
0   0 R 0  5       0.004913       0.005771 
0   0 R 0  6       0.001651       0.004147 
0   0 R 0  7       0.004325       0.005588 
0   0 R 0  8       0.005054       0.005319 
0   0 R 0  9       0.006332       0.005869 
0   0 R 0 10       0.005509       0.004202 
0   0 R 0 11       0.004668       0.007292 
0   0 R 0 12       0.006167       0.006719 
0   0 R 0 13       0.004370       0.007026 
0   0 R 0 14       0.006962       0.009061 
0   0 R 0 15       0.006694       0.008822 
0   0 R 0 16       0.005828       0.001959 
0   0 R 0 17       0.003217       0.001237 
0   0 R 0 18       0.008557       0.011545 
0   0 R 0 19       0.005871       0.008852 
0   0 R 0 20       0.005387       0.006163 
0   0 R 0 21       0.003629       0.006184 
0   0 R 0 22       0.003866       0.010142 
0   0 R 0 23       0.003676       0.003676 
0   0 R 0 24       0.028992       0.028992 
0   0 R 1  0      62.065007       7.840762 
0   0 R 1  1     108.057748       9.366464 
0   0 R 1  2      34.830479       7.267251 
0   0 R 1  3      27.204799      44.845118 
0   0 R 1  4       0.002196      13.122577 
0   0 R 1  5      -0.001172       3.225595 
0   0 R 1  6      43.634818      14.086545 
0   0 R 1  7      15.240133       5.818141 
0   0 R 1  8      -0.000968       0.000079 
0   0 R 1  9       0.003394       0.010317 
0   0 R 1 10       6.990609      15.051971 
0   0 R 1 11      22.432293      -0.001265 
0   0 R 1 12       6.905568      -0.012829 
0   0 R 1 13      25.040527      -0.002276 
0   0 R 1 14      10.874821      -3.098862 
0   0 R 1 15      19.907981      13.240902 
0   0 R 1 16      28.166475      91.176769 
0   0 R 1 17      50.044308     120.153882 
0   0 R 1 18      16.117668       9.226923 
0   0 R 1 19      22.645209      13.334714 
0   0 R 1 20      28.211099      23.469031 
0   0 R 1 21      47.159165      24.925177 
0   0 R 1 22      46.253162      13.943132 
0   0 R 1 23      49.409951      49.409951 
0   0 R 1 24     945.200187     945.200187 
0   0 R 2  0     212.930836      70.724119 
0   0 R 2  1     581.229967      72.255030 
0   0 R 2  2     234.336660      93.749700 
0   0 R 2  3     308.947100     158.780895 
0   0 R 2  4     176.251640      98.578062 
0   0 R 2  5     189.998448      98.991347 
0   0 R 2  6     441.603792      84.378133 
0   0 R 2  7     193.228244     105.834170 
0   0 R 2  8     213.808221     142.163469 
0   0 R 2  9     174.019178     150.608636 
0   0 R 2 10     228.771215     165.441564 
0   0 R 2 11     293.280132     160.862713 
0   0 R 2 12     274.355451     173.119204 
0   0 R 2 13     308.514430     171.887106 
0   0 R 2 14     220.854064     150.095213 
0   0 R 2 15     257.279224     155.907868 
0   0 R 2 16     241.302475     788.751775 
0   0 R 2 17     327.225853     462.832627 
0   0 R 2 18     139.626936      74.116057 
0   0 R 2 19     198.931023      75.649795 
0   0 R 2 20     167.978565      64.102899 
0   0 R 2 21     227.816439      57.540363 
0   0 R 2 22     227.968331      53.506119 
0   0 R 2 23      75.368845      75.368845 
0   0 R 2 24   14728.885104   14728.885104 
0   0 R 3  0       1.065170       1.188873 
0   0 R 3  1      28.838883       1.099316 
0   0 R 3  2       4.354041       2.799811 
0   0 R 3  3       6.864420       5.674889 
0   0 R 3  4       3.303025       2.132691 
0   0 R 3  5       4.986154       2.825548 
0   0 R 3  6       7.640251       1.446942 
0   0 R 3  7       2.144646       2.047139 
0   0 R 3  8       5.375451       3.341381 
0   0 R 3  9       2.767795       5.128929 
0   0 R 3 10       4.015670       2.150650 
0   0 R 3 11       3.891349       4.297743 
0   0 R 3 12       9.209560       5.885736 
0   0 R 3 13       5.481777       7.612033 
0   0 R 3 14       3.990956       6.098297 
0   0 R 3 15       9.233804       4.047576 
0   0 R 3 16       8.410511      61.093734 
0   0 R 3 17       4.412627       4.883858 
0   0 R 3 18      19.546561       5.859251 
0   0 R 3 19      34.095302       8.270446 
0   0 R 3 20       2.016870       2.758676 
0   0 R 3 21       6.419689       6.781953 
0   0 R 3 22       7.501966      10.467648 
0   0 R 3 23      12.407313      12.407313 
0   0 R 3 24      39.609417      39.609417 
0   0 R 4  0       1.156915       0.293858 
0   0 R 4  1       0.166953       0.380438 
0   0 R 4  2       0.441121      -0.013335 
0   0 R 4  3       0.214923       0.334771 
0   0 R 4  4       0.142125       0.230704 
0   0 R 4  5       0.055934      -0.025690 
0   0 R 4  6       0.371826       0.452279 
0   0 R 4  7       0.454193       0.128251 
0   0 R 4  8       0.072378      -0.011740 
0   0 R 4  9       0.251637      -0.148343 
0   0 R 4 10       0.225108       0.391571 
0   0 R 4 11       0.375022      -0.035111 
0   0 R 4 12      -0.019081      -0.070739 
0   0 R 4 13       0.355130      -0.171723 
0   0 R 4 14       0.296133      -0.192987 
0   0 R 4 15       0.046008       0.001171 
0   0 R 4 16       0.219188      -0.310283 
0   0 R 4 17       0.811692       1.012349 
0   0 R 4 18      -0.144903      -0.018730 
0   0 R 4 19      -0.270710       0.029977 
0   0 R 4 20       1.143103       5.189819 
0   0 R 4 21      60.911087      11.995129 
0   0 R 4 22      57.139346       1.300755 
0   0 R 4 23       8.605147       8.605147 
0   0 R 4 24      -1.364663      -1.364663 
0   0 R 6  0       0.886686       0.931014 
0   0 R 6  1       0.910312       0.941877 
0   0 R 6  2       0.905840       0.917058 
0   0 R 6  3       0.897462       0.896228 
0   0 R 6  4       0.849968       0.850082 
0   0 R 6  5       0.891956       0.875935 
0   0 R 6  6       0.889921       0.867543 
0   0 R 6  7       0.888816       0.859327 
0   0 R 6  8       0.900433       0.868004 
0   0 R 6  9       0.923686       0.889357 
0   0 R 6 10       0.922524       0.905811 
0   0 R 6 11       0.926198       0.934073 
0   0 R 6 12       0.938944       0.931508 
0   0 R 6 13       0.945665       0.927668 
0   0 R 6 14       0.935885       0.940886 
0   0 R 6 15       0.953731       0.978968 
0   0 R 6 16       0.946308       0.922147 
0   0 R 6 17       0.963610       0.925402 
0   0 R 6 18       0.978663       0.942834 
0   0 R 6 19       1.004376       0.956698 
0   0 R 6 20       0.955047       0.965872 
0   0 R 6 21       0.941430       0.981871 
0   0 R 6 22       1.025241       0.996175 
0   0 R 6 23       1.010962       1.010962 
0   0 R 6 24       0.980280       0.980280 
0   0 R 7  0       1.061956       1.108761 
0   0 R 7  1       1.148845       1.182355 
0   0 R 7  2       1.070565       1.036118 
0   0 R 7  3       1.019273       0.921180 
0   0 R 7  4       0.869831       0.811090 
0   0 R 7  5       0.984124       0.865725 
0   0 R 7  6       0.989413       0.850457 
0   0 R 7  7       1.014262       0.868278 
0   0 R 7  8       1.043865       0.907727 
0   0 R 7  9       1.139181       1.016596 
0   0 R 7 10       1.094067       1.030174 
0   0 R 7 11       1.096150       1.175258 
0   0 R 7 12       1.154238       1.175104 
0   0 R 7 13       1.133423       1.088346 
0   0 R 7 14       1.160735       1.227483 
0   0 R 7 15       1.254815       1.465803 
0   0 R 7 16       1.225615       1.210670 
0   0 R 7 17       1.353833       1.190400 
0   0 R 7 18       1.470594       1.226879 
0   0 R 7 19       1.686376       1.245012 
0   0 R 7 20       1.441431       1.352825 
0   0 R 7 21       1.562014       1.444535 
0   0 R 7 22       1.950897       1.627844 
0   0 R 7 23       1.754166       1.754166 
0   0 R 7 24       1.901675       1.901675 
0   0 R 8  0       4.110649       4.889280 
0   0 R 8  1       4.895375       4.665176 
0   0 R 8  2       6.862763       6.490779 
0   0 R 8  3       7.912065       8.323624 
0   0 R 8  4       6.803246       8.426186 
0   0 R 8  5       9.745014      10.127903 
0   0 R 8  6       9.977619      10.927361 
0   0 R 8  7       5.995261       7.324957 
0   0 R 8  8       6.732655       7.655018 
0   0 R 8  9       5.905106       5.705984 
0   0 R 8 10       9.920517       8.316026 
0   0 R 8 11       7.502567       5.559901 
0   0 R 8 12       9.216499       5.787200 
0   0 R 8 13      14.851614       9.548144 
0   0 R 8 14       6.044013       3.974258 
0   0 R 8 15       4.296545       3.098076 
0   0 R 8 16       6.747044       5.851655 
0   0 R 8 17       4.706375       5.004875 
0   0 R 8 18       4.508921       7.610543 
0   0 R 8 19       4.314158      12.439650 
0   0 R 8 20       5.331286       6.421251 
0   0 R 8 21       4.230916       7.055783 
0   0 R 8 22       3.015507       6.213703 
0   0 R 8 23       4.657884       4.657884 
0   0 R 8 24       6.833520       6.833520 
0   0 R 9  0       1.569203       1.936194 
0   0 R 9  1       1.530907       1.978158 
0   0 R 9  2       1.650365       2.013829 
0   0 R 9  3       1.712424       1.982315 
0   0 R 9  4       1.764508       2.002241 
0   0 R 9  5       1.713090       1.947213 
0   0 R 9  6       1.646288       1.925016 
0   0 R 9  7       1.757606       1.908875 
0   0 R 9  8       1.823019       2.059118 
0   0 R 9  9       1.950302       2.249600 
0   0 R 9 10       2.061066       2.336291 
0   0 R 9 11       2.190241       2.469246 
0   0 R 9 12       2.187043       2.469978 
0   0 R 9 13       2.169737       2.468783 
0   0 R 9 14       2.400697       2.530648 
0   0 R 9 15       2.149639       2.779501 
0   0 R 9 16       2.518002       2.655054 
0   0 R 9 17       2.471349       2.990647 
0   0 R 9 18       2.519340       2.922925 
0   0 R 9 19       2.415599       2.718779 
0   0 R 9 20       1.631728       2.693304 
0   0 R 9 21       1.587596       2.741771 
0   0 R 9 22       2.372067       2.649979 
0   0 R 9 23       2.462750       2.462750 
0   0 R 9 24       2.560021       2.560021 
0   0 R 10  0       4.885770       5.232519 
0   0 R 10  1       5.131191       5.118918 
0   0 R 10  2       4.757351       4.915784 
0   0 R 10  3       4.650884       5.157394 
0   0 R 10  4       4.379031       4.591991 
0   0 R 10  5       4.943099       5.081099 
0   0 R 10  6       5.253572       5.106471 
0   0 R 10  7       4.648938       5.285791 
0   0 R 10  8       4.633878       4.911715 
0   0 R 10  9       4.607137       4.053182 
0   0 R 10 10       4.453966       3.841618 
0   0 R 10 11       4.132482       3.712617 
0   0 R 10 12       3.998269       3.625947 
0   0 R 10 13       4.174473       3.231764 
0   0 R 10 14       3.504677       3.780685 
0   0 R 10 15       4.519615       2.963803 
0   0 R 10 16       3.242829       7.658485 
0   0 R 10 17       3.041303       2.856657 
0   0 R 10 18       2.614657       3.002456 
0   0 R 10 19       2.806675       4.445020 
0   0 R 10 20       8.129161       3.865019 
0   0 R 10 21       7.794308       3.607177 
0   0 R 10 22       2.604041       7.138189 
0   0 R 10 23       3.469719       3.469719 
0   0 R 10 24      15.162317      15.162317 
0   0 C 0  0 -0.04520  0.32355  0.94901  0.97906 -0.22623 -1.08096  0.31115 -1.69503  0.90597  0.86499  0.35783  1.17698 -0.22491  0.45085 -1.18294 -0.25125
0   0 C 0  1  0.38704  0.45112  0.50390  1.54453  0.04227  0.39733 -0.10289  0.87279 -0.25048 -0.78416  0.04058  0.39824  0.84067 -0.85129  0.79283 -0.11324
0   0 C 0  2  0.61226  0.22219  0.95522  1.15305  1.81475  0.29798  0.11788  0.56531  0.66567  0.72038  1.25576  0.99974  1.16399  1.21755  0.89237  0.81293
0   0 C 0  3  0.60100  0.34587  0.63924  1.04645  0.45294  0.11198 -0.18529  0.15973  0.38438  0.30618  0.52686  0.81802  0.05159  0.04471  0.40553  0.38919
0   0 C 0  4 -0.10998  0.93755  0.64809  0.92249 -0.05514  0.58320  0.30083 -0.13045  0.32421  0.16261  0.39846  0.61725  0.17663  0.29896  0.13842  0.11437
0   0 C 0  5  0.57852  0.62946  0.20292 -0.03557  0.23857  0.03828  0.06984  0.10959  0.22913  0.17900  0.27377  0.19128  0.57730  0.05624 -0.10305 -0.48730
0   0 C 0  6  0.63256  0.28154  0.46171  0.41556  0.57418  0.32686  0.35815  0.00611  0.36006  0.55696  0.43466  0.31453  0.88031  0.37747  0.19591  0.10073
0   0 C 0  7  0.24831  0.13071  0.23077  0.58419  0.20377  0.10472 -0.22276 -0.26039  0.05686 -0.16989  0.10839  0.24682  0.44434  0.09882 -0.04238  0.17475
0   0 C 0  8  0.79781  0.51468  0.64989  0.18753  0.80762  0.03879  0.85102  0.07055  0.25308  0.69902  0.30689  0.57060  1.13670  0.42344  0.68730 -0.08121
0   0 C 0  9  0.41096 -0.56979  0.45261 -0.91182 -0.23059 -0.52082 -0.23202  0.07191  0.40270  0.71318  0.38387 -0.61798  0.61626  0.15712  0.20428 -0.13391
0   0 C 0 10  1.43998 -0.25567  0.24849  0.14322  0.56440  0.29580  0.46288  0.18926  0.55158 -0.20708  0.50779  0.31324  0.45545  0.35475  0.72345  0.81702
0   0 C 0 11  0.79266 -0.13714  0.19965 -0.41236  0.14406  0.01655  0.38026  0.21719  0.40614 -0.31016  0.42359  0.01763  0.54039  0.47426  0.77798  0.03418
0   0 C 0 12  0.63858  0.19879  0.17142 -0.15433  0.45716  0.15894  0.20029 -0.10131 -0.09937 -0.46045  0.24647 -0.22193  0.32396  0.42850  0.31324  0.06121
0   0 C 0 13  0.23322 -0.18669  0.13801 -0.02226  0.87211  0.39540  0.29075 -0.08536  0.11345 -0.26381  0.23735 -0.24113  0.15772  0.42220  0.45614  0.79029
0   0 C 0 14  0.35966  0.04273  0.31505  0.25022  0.51185  0.36545  0.09050  0.08751  0.22002 -0.07557  0.39384  0.10416  0.22423  0.22191  0.44075  0.09185
0   0 C 0 15  0.20717  0.13501  0.05280  0.20688  0.28852  0.31843 -0.00510  0.06336  0.02433  0.09763  0.13708  0.15675  0.22027  0.45510  0.03341  0.36846
0   0 C 0 16 -0.02028 -0.14813 -0.08212  0.56836  0.18131  0.15761 -0.08099 -0.06315  0.03762 -0.12620  0.02685 -0.10885 -0.15410  0.29024  0.00840  0.15385
0   0 C 0 17 -0.00076  0.10900  0.51030  0.32738  0.03704  0.45498  0.29671  0.00184  0.06779  0.16876  0.15152  0.09384  0.10934  0.41130  0.22594  0.14430
0   0 C 0 18  0.09000  0.05082  0.21399  0.14150  0.13703  0.18999  0.04816  0.07266  0.05309  0.14551  0.16022  0.03266  0.04724  0.22252  0.00026  0.16302
0   0 C 0 19  0.02142  0.04787  0.17501  0.05180  0.16599  0.21240 -0.05003 -0.07031  0.05187  0.15258  0.08870  0.00662 -0.06782  0.02387  0.18897  0.22549
0   0 C 0 20  0.14833  0.07735  0.07598  0.14003  0.13216  0.13919 -0.07136  0.02470 -0.02213 -0.02393  0.07501  0.07554 -0.02866  0.30995  0.18173  0.38984
0   0 C 0 21  0.11853 -0.01405  0.00514  0.11753  0.24826  0.15716 -0.02782 -0.01147  0.30256  0.16781 -0.02303  0.10490 -0.04833  0.33972  0.08453  0.13558
0   0 C 0 22  0.06916  0.00904 -0.00505  0.10390  0.23997  0.18462 -0.04655  0.04663  0.41228  0.11828  0.14961  0.10057 -0.08158  0.17349  0.05500  0.09012
0   0 C 0 23  0.15276  0.02085  0.02277 -0.04310  0.04669  0.06563 -0.14961 -0.07178  0.04015  0.27704  0.09398  0.03779 -0.18952  0.12316 -0.05260  0.12668
0   0 C 0 24  0.09212 -0.02523 -0.00574  0.03415  0.13395  0.11323 -0.00241  0.02880 -0.01068  0.11696  0.30829 -0.05687 -0.13767  0.08962  0.05796  0.12930
0   0 C 0 25  0.06664  0.01571 -0.02197 -0.10555 -0.09756  0.07656  0.03479 -0.03290 -0.08070 -0.06835  0.22892  0.05403  0.11571 -0.03161 -0.04518  0.06758
0   0 C 0 26  0.03102 -0.00292 -0.05875 -0.05742 -0.04509 -0.01122  0.04877 -0.02493 -0.09542  0.04813  0.15985  0.01080  0.36609 -0.08106  0.09930 -0.03088
0   0 C 0 27  0.07978  0.06781  0.18396  0.03765  0.09187  0.08243  0.09677 -0.00657  0.11722 -0.05862  0.29485  0.07259  0.24906 -0.00756 -0.09661  0.01186
0   0 C 0 28  0.08082  0.14656  0.08115 -0.07504 -0.06055  0.18417  0.09252  0.00682  0.00494 -0.07313  0.24046  0.12351  0.24627  0.03523  0.05675  0.02971
0   0 C 0 29  0.21294  0.01499  0.13905  0.05643 -0.00267  0.11652  0.02306  0.18724  0.10677 -0.00314  0.16255  0.15250  0.21814  0.10536 -0.01602  0.06176
0   0 C 0 30  0.10617 -0.01573  0.20321  0.09564 -0.05770  0.19866  0.01991  0.20915  0.04691  0.09909  0.08121  0.05507  0.12087 -0.01262 -0.00103 -0.03254
0   0 C 0 31  0.08406  0.17988  0.24582 -0.00983 -0.00848  0.19243 -0.02078  0.14296  0.18572  0.05049  0.36825  0.13170  0.21696 -0.05738  0.04364  0.01098
0   0 C 0 32 -0.05707  0.15498  0.15734 -0.00452  0.07021  0.17618  0.14774  0.10397  0.17142  0.15289  0.35013  0.13175  0.19427  0.07791  0.05680  0.09317
0   0 C 0 33  0.08889 -0.05805  0.03967  0.16710 -0.14460  0.15674  0.20492  0.08181  0.01342 -0.05676  0.09412  0.11191  0.35429 -0.13535  0.04678 -0.05866
0   0 C 0 34  0.08054  0.22579  0.12960  0.24523 -0.14490  0.19883  0.10281  0.18798  0.04805  0.26263  0.39469  0.29313  0.77424 -0.02207  0.19644  0.52358
0   0 C 0 35  0.48901  0.44076  0.10212  0.38125 -0.09328  0.50746  0.01976  0.35593  0.02300  0.50620  0.33583  0.55008  0.25588  0.06016  0.07737  0.43007
0   0 C 0 36  0.23410  0.17417 -0.07891  0.44141 -0.24642  0.36439 -0.04736  0.43923  0.30529  0.16352  0.39026  0.33100  0.11836  0.11576 -0.05292  0.05567
0   0 C 0 37 -0.22109  0.29336 -0.08744  0.00414 -0.49807  0.49005  0.66061  0.79773  0.04468  0.04122  0.21167  0.31805  0.07290  0.18877 -0.26791 -0.06007
0   0 C 0 38 -0.03862  0.60436  0.14690  0.27082 -0.34052  0.38010  0.01756  0.56949  0.18988  0.50822  0.22286  0.38097  0.28515  0.35639 -0.09039  0.36952
0   0 C 0 39  0.39726  1.71579  0.16135  0.33065 -0.05706  0.49669  0.03254  2.16415  0.37772  0.59942  0.31908  0.53565 -0.01133  0.39655  0.71816  1.13420
0   0 C 0 40  0.84149 -0.03842 -0.12992  0.33315  0.29692  0.15906 -1.23859  0.37760 -0.11034  0.03352 -0.61629  0.10616 -1.10770  0.57998 -0.78267  0.47066
0   0 C 0 41  0.53048  0.64798  0.23931  0.75503  0.34432  0.57629  1.11656  0.60912  0.37819  1.00998  0.28380  0.97039  0.51488  0.27767  0.61033  0.41419
0   0 C 0 42 -0.40197 -0.41831  0.73236  0.24841 -0.18714  0.05611  0.92290 -0.09334  0.05253  0.39570  0.81570 -0.12086 -0.12929 -0.20109  0.04323 -0.00403
0   0 C 0 43  0.08306  0.52035  1.01008  0.65633  0.31750  0.32828 -0.09095  0.58934 -0.20688  0.63702  0.14899  0.10456  0.25755  0.49677  0.70750  0.77445
0   0 C 0 44  0.21870  0.01739  0.40678  0.04267 -0.10805  0.05592 -0.01560  0.46795  0.11438  0.01141 -0.03740  0.37282  0.06383 -0.14078 -0.06692  0.20238
0   0 C 0 45  0.01260 -0.30758  0.15940  0.49789 -0.00166 -0.03898  0.00504  0.15657  0.65393 -0.00814  0.24352  1.19775  0.43530 -0.16460  0.11133  0.74882
0   0 C 0 46  0.03507  0.08184  0.36263  0.61802  1.07479 -0.56845  0.24811  0.30658  0.31370  0.15582 -0.06587  0.50703  0.51811  0.12658  0.42197  1.16171
0   0 C 0 47  0.76275  0.41230  0.85798  0.96908  0.44682  0.47039  0.88354  0.18055  0.30080  0.73616  0.87966  0.28876  1.45933  0.49747  0.34926  0.34137
0   0 C 0 48  0.82286 -0.36883 -0.13517  0.91822 -0.31373 -0.10918  0.01029 -0.60110  0.80579  0.38847  0.09984  0.03797  0.58278  0.35900 -0.12030 -0.03218
0   0 C 0 49  2.11854 -1.13226  0.39023 -0.92526  0.06306 -1.52317 -0.17948  0.79295  0.23920  0.39558  0.27989  0.61701  0.24110  0.09591  1.09907 -0.36797
0   0 S 0 0  0  -0.09670   0.14284
0   0 S 0 0  1  -0.07793   0.01559
0   0 S 0 0  2  -0.17190  -0.05114
0   0 S 0 0  3  -0.05642  -0.02218
0   0 S 0 0  4   0.13204  -0.00599
0   0 S 0 0  5  -0.07585  -0.00109
0   0 S 0 0  6  -0.09051  -0.05805
0   0 S 0 0  7  -0.02804  -0.15867
0   0 S 0 0  8  -0.01315   0.11998
0   0 S 0 0  9  -0.06699   0.07417
0   0 S 0 0 10  -0.25814  -0.04760
0   0 S 0 0 11  -0.06442   0.06546
0   0 S 0 0 12  -0.15754  -0.20102
0   0 S 0 0 13  -0.25795   0.10170
0   0 S 0 0 14  -0.07498  -0.32269
0   0 S 0 0 15   0.13779   0.09431
0   0 S 0 0 16  -0.30411  -0.35025
0   0 S 0 0 17   0.20834  -0.17108
0   0 S 0 0 18   0.12065  -0.34567
0   0 S 0 0 19   0.24710   0.10125
0   0 S 0 0 20  -0.09420  -0.18902
0   0 S 0 0 21  -0.11689  -0.27675
0   0 S 0 0 22  -0.31695  -0.34511
0   0 S 0 0 23  -0.12908  -0.12908
0   0 S 0 0 24  -0.52394  -0.52394
0   0 S 0 1  0   0.04392  -0.06369
0   0 S 0 1  1   0.01866  -0.00427
0   0 S 0 1  2   0.07714   0.01307
0   0 S 0 1  3   0.03709  -0.00289
0   0 S 0 1  4  -0.01302  -0.02775
0   0 S 0 1  5   0.05391  -0.02179
0   0 S 0 1  6   0.07098  -0.00644
0   0 S 0 1  7   0.05818   0.01327
0   0 S 0 1  8   0.03983  -0.09875
0   0 S 0 1  9   0.06286  -0.09460
0   0 S 0 1 10   0.13497  -0.06550
0   0 S 0 1 11   0.04513  -0.12112
0   0 S 0 1 12   0.08039  -0.01328
0   0 S 0 1 13   0.11926  -0.12167
0   0 S 0 1 14   0.04659   0.03503
0   0 S 0 1 15  -0.06949  -0.00218
0   0 S 0 1 16   0.14477   0.09021
0   0 S 0 1 17  -0.06933   0.04817
0   0 S 0 1 18  -0.01326   0.09934
0   0 S 0 1 19  -0.06752  -0.06305
0   0 S 0 1 20   0.11801   0.04019
0   0 S 0 1 21   0.17963   0.06809
0   0 S 0 1 22   0.28398   0.10302
0   0 S 0 1 23   0.05255   0.05255
0   0 S 0 1 24   0.20334   0.20334
0   0 S 0 2  0  -0.00000  -0.00000
0   0 S 0 2  1  -0.00000  -0.00000
0   0 S 0 2  2  -0.00000  -0.00000
0   0 S 0 2  3  -0.00000  -0.00000
0   0 S 0 2  4  -0.00000  -0.00000
0   0 S 0 2  5  -0.00000  -0.00000
0   0 S 0 2  6  -0.00000  -0.00000
0   0 S 0 2  7  -0.00000  -0.00000
0   0 S 0 2  8  -0.00000  -0.00000
0   0 S 0 2  9  -0.00000  -0.00000
0   0 S 0 2 10  -0.00000  -0.00000
0   0 S 0 2 11  -0.00000  -0.00000
0   0 S 0 2 12  -0.00000  -0.00000
0   0 S 0 2 13  -0.00000  -0.00000
0   0 S 0 2 14  -0.00000  -0.00000
0   0 S 0 2 15  -0.00000  -0.00000
0   0 S 0 2 16  -0.00000  -0.00000
0   0 S 0 2 17  -0.00000  -0.00000
0   0 S 0 2 18  -0.00000  -0.00000
0   0 S 0 2 19  -0.00000  -0.00000
0   0 S 0 2 20  -0.00000  -0.00000
0   0 S 0 2 21  -0.00000  -0.00000
0   0 S 0 2 22  -0.00000  -0.00000
0   0 S 0 2 23  -0.00000  -0.00000
0   0 S 0 2 24  -0.00000  -0.00000
0   0 K  0 -0.00996  0.02989  0.14886  0.07774  0.07231  0.07117  0.07533  0.06854  0.03537 -0.01353 -0.02103 -0.08066 -0.01062  0.09633  0.06052 -0.00741  0.02850 -0.09811  0.08203  0.10493  0.02105  0.01969  0.01123  0.00295 -0.03053 -0.08355 -0.07149  0.03272 -0.00548  0.01177  0.04297  0.06965
0   0 K  1  0.03730  0.11098  0.21817  0.13054  0.16068  0.15287  0.11972  0.20129  0.10706  0.12933  0.08234 -0.04004  0.06182  0.14841  0.13722  0.04604  0.01937  0.00248  0.12097  0.18350  0.16134  0.09476  0.03689  0.08214 -0.01517 -0.06017  0.01844  0.09415  0.01358  0.07621  0.12294  0.12531
0   0 K  2  0.03286  0.14313  0.21121  0.18745  0.14968  0.15149  0.17567  0.26433  0.14240  0.08579  0.01818 -0.04886  0.04013  0.14243  0.14561  0.00292  0.04750 -0.04536  0.19997  0.14158  0.15805  0.06089  0.06647  0.05403  0.00868 -0.03562 -0.03327  0.05618  0.04251  0.05847  0.09610  0.14029
0   0 K  3  0.12592  0.18752  0.28507  0.30790  0.24769  0.23983  0.24916  0.32558  0.21649  0.19207  0.08916  0.00138  0.08650  0.21229  0.24426  0.11675  0.10279  0.06949  0.20632  0.20622  0.22035  0.16727  0.12995  0.12649  0.04900 -0.04752  0.07565  0.10812  0.11001  0.19564  0.08537  0.16343
0   0 K  4  0.02040  0.05599  0.23837  0.23003  0.21070  0.17592  0.25219  0.27102  0.16186  0.14189  0.06762  0.01526  0.05010  0.20053  0.17581  0.08414  0.09117 -0.00915  0.17024  0.16650  0.19243  0.10520  0.10827  0.15706  0.02991 -0.01938  0.02155  0.08405  0.10685  0.13430  0.10372  0.16651
0   0 K  5  0.09682  0.15533  0.33583  0.24615  0.26501  0.30125  0.28965  0.32476  0.30667  0.18022  0.12017  0.02233  0.16155  0.27277  0.23311  0.16608  0.14107  0.03458  0.19155  0.19100  0.23082  0.17018  0.13948  0.14979 -0.01942  0.01187  0.04526  0.10336  0.10766  0.18194  0.11538  0.21267
0   0 K  6  0.16723  0.25077  0.44882  0.27786  0.34758  0.32323  0.39525  0.33485  0.29551  0.25261  0.20272  0.11351  0.17582  0.36611  0.29353  0.17981  0.17279  0.09929  0.28584  0.27776  0.29793  0.23610  0.17625  0.18533  0.10892  0.02012  0.09906  0.19434  0.22527  0.22313  0.24071  0.24855
0   0 K  7  0.13865  0.27013  0.40593  0.35032  0.28841  0.37776  0.38552  0.41673  0.39299  0.27568  0.20327  0.18824  0.22573  0.38309  0.34323  0.20953  0.16699  0.12387  0.27738  0.28944  0.26812  0.23336  0.20677  0.28948  0.13028  0.15834  0.18451  0.25065  0.21367  0.25598  0.22897  0.29894
0   0 K  8  0.08365  0.25938  0.42921  0.37052  0.27111  0.34066  0.35782  0.39609  0.38480  0.26498  0.20333  0.12572  0.21896  0.28417  0.26827  0.13419  0.20701  0.08298  0.30825  0.25566  0.25086  0.21860  0.18165  0.21649  0.16734  0.08720  0.13415  0.14307  0.14106  0.30466  0.29034  0.29484
0   0 K  9  0.30975  0.42024  0.57370  0.50399  0.55125  0.51004  0.51386  0.61449  0.52658  0.42680  0.34539  0.34312  0.40556  0.54636  0.40938  0.35912  0.34717  0.28061  0.43691  0.40228  0.41941  0.34925  0.35291  0.39761  0.25562  0.20021  0.25200  0.34124  0.28921  0.42025  0.40712  0.49069
0   0 K 10  0.58724  0.62709  0.77073  0.75420  0.67017  0.71898  0.71465  0.81975  0.61035  0.60775  0.52111  0.48254  0.50771  0.66319  0.55029  0.46594  0.45528  0.32073  0.63064  0.52104  0.58188  0.57731  0.50628  0.53443  0.43964  0.32440  0.47250  0.56174  0.50243  0.53477  0.55017  0.56103
0   0 K 11  0.62528  0.74846  0.85104  0.83881  0.69308  0.84061  0.81425  0.95732  0.96270  0.80563  0.70938  0.80818  0.79897  0.95865  0.89096  0.72244  0.72376  0.60989  0.83816  0.83613  0.84357  0.78771  0.73354  0.92258  0.69161  0.65175  0.70383  0.76269  0.73100  0.90396  0.87480  0.88157
0   0 K 12  0.64247  0.54934  0.90093  0.85195  0.66820  0.79442  0.78110  0.94109  0.93580  0.83243  0.79586  0.78078  0.70374  0.86412  0.79805  0.66802  0.68284  0.52504  0.74335  0.76312  0.80659  0.86547  0.77679  0.75560  0.64642  0.59519  0.59328  0.77872  0.66815  0.80027  0.88247  0.90494
0   0 K 13  0.97991  0.86466  1.10022  1.05775  0.98755  1.03413  1.08352  1.27740  1.13258  1.17029  1.05795  1.14036  0.88130  1.13205  1.01206  0.93659  0.96320  0.81534  1.00503  0.95954  1.08970  0.91528  1.03696  0.82569  0.89121  0.84394  0.99955  1.04804  0.94929  1.10884  1.03722  1.06457
0   0 K 14  1.31196  1.25524  1.38384  1.22806  1.21801  1.35587  1.32633  1.42445  1.41150  1.30392  1.33603  1.64046  1.11103  1.37936  1.33788  1.27323  1.32286  0.96766  1.22728  1.16293  1.37191  1.32115  1.25605  1.12425  1.06515  1.08133  1.40940  1.29283  1.23009  1.39615  1.56106  1.47320
0   0 K 15  0.00349  0.34641  0.40178  0.50355  0.49705  0.27616  0.40379  0.49913  0.64419  0.71748  0.80921  0.49019  0.53654  0.74299  0.54590  0.51412  0.69227  0.64191  0.82925  0.97767  1.24651  1.13174  1.13264  1.16257  1.44009  1.40573  1.68734  1.76189  1.39775  1.74480  1.69748  1.76767
0   0 K 16  0.95951  1.14355  1.23450  1.09011  1.06660  1.05277  0.89010  1.19598  1.14924  1.20617  1.25269  1.13961  1.08855  1.18940  1.11130  1.22541  1.17804  1.21813  1.32185  1.17324  1.37934  1.48356  1.46571  1.65589  1.63625  1.63821  1.80332  1.96011  1.73672  1.95367  1.94376  1.84222
0   0 K 17  0.53403  0.68136  0.67243  0.47242  0.43765  0.47642 -0.06241  0.65556  0.53650  0.46946  0.55174  0.62179  0.46116  0.47873  0.35646  0.37261  0.51916  0.42054  0.54521  0.29606  0.41181  0.65868  0.54580  0.93096  0.96081  0.83143  1.08948  1.20459  0.84732  0.89626  0.95271  0.91138
0   0 K 18  1.58068  1.57452  1.80839  1.39169  1.40050  1.36891  1.14724  1.69325  1.48537  1.46185  1.44455  1.65722  1.44790  1.54692  1.30401  1.36544  1.38045  1.27757  1.43099  1.35082  1.42679  1.70883  1.51713  1.82040  1.78618  1.75766  2.13389  2.14569  1.97825  2.06095  1.98937  1.92104
0   0 K 19  1.15080  1.15104  1.23896  0.94797  0.75045  0.88725  0.81495  1.01660  1.01593  0.91391  0.97561  1.08348  0.75402  0.80938  0.69354  0.68865  0.64186  0.48392  0.56121  0.45992  0.87146  0.80279  0.63112  0.86876  0.89759  0.89372  1.48533  1.41506  1.18014  1.32173  1.19064  1.11955
0   0 K 20  0.48208  0.51433  0.78571  0.54436  0.46454  0.50791  0.60307  0.91027  0.81539  0.76432  0.87695  0.74337  0.41978  0.56626  0.36181  0.34151  0.36214  0.23606  0.36129  0.41200  0.63951  0.57666  0.61129  0.73946  0.84758  0.82946  1.37563  1.38655  1.07307  1.20224  1.05483  0.99931
0   0 K 21  0.12035  0.29073  0.65288  0.34580  0.33459  0.54077  0.72622  0.92450  0.98989  0.89522  1.16125  0.74702  0.34399  0.51821  0.35181  0.23871  0.30796  0.32920  0.44888  0.47099  0.91445  0.69798  0.77417  0.81946  0.90620  1.01520  1.31401  1.52016  1.13918  1.15741  1.24176  1.20472
0   0 K 22  1.21747  1.35885  1.42504  1.19682  1.21205  1.33140  1.72754  1.80947  1.68558  1.75078  1.81390  1.15889  0.93425  1.12517  0.88177  0.77245  0.88482  0.93906  1.00166  1.14370  1.53909  1.24197  1.28774  1.21044  1.30309  1.38835  1.82997  1.87754  1.62464  1.73221  1.63637  1.74777
0   0 K 23  0.76910  0.91813  0.70595  0.41292  0.46524  0.66480  0.96436  0.92015  0.95850  1.02723  1.24581  0.45478 -0.04446  0.23730  0.05561 -0.08041  0.02009  0.14917  0.24287  0.32364  0.69767  0.37483  0.46957  0.16805  0.24863  0.41823  0.94461  0.95361  0.57144  0.78901  0.60870  0.63303
0   0 K 24 -0.07847  0.81890  0.30913  0.36018  0.70486  0.92676  1.62508  1.39157  1.34978  1.71119  1.84057  0.60916  0.38436  0.61502  0.69259  0.62634  0.97195  1.00108  1.29118  1.37781  1.76234  1.47662  1.55326  1.43925  1.47196  1.53331  1.90958  2.18086  1.66174  1.86806  1.63253  1.65261
0   0 C 1  0 -0.04578 -0.64428 -0.48231  0.18157  1.33863 -0.79519 -1.11995 -0.84458 -0.51380 -0.42375 -0.10101  0.61283  0.44321 -0.51394 -0.31366 -0.40565
0   0 C 1  1  0.57015  0.03846 -0.44692  0.18508 -0.74799 -1.00396 -0.50058  0.28282  0.31190  0.20932 -0.48238 -0.00100  0.13409 -0.45023 -0.11630  0.62941
0   0 C 1  2  0.44096  0.24871  0.09247 -0.02772 -0.02553  0.34888 -0.25311 -0.18183 -0.05042  0.11958 -0.30886  0.09020 -0.07895 -0.06655 -0.26308  0.15359
0   0 C 1  3 -0.27738 -0.58881  0.10710  0.40458 -0.55663  0.05130 -0.11720  0.01525 -0.64572 -0.39053 -0.07224  0.52845  0.48231 -0.09974 -0.04366  0.27809
0   0 C 1  4  0.58149  0.10444 -0.56729 -0.22662  0.93210 -0.19503 -0.22189  0.34916  0.10250 -0.01562 -0.09459  0.45311  0.61193 -0.27050 -0.24955  0.06994
0   0 C 1  5 -0.52850 -0.76379 -0.15105  0.36693  0.05088  0.23299 -0.21388  0.20469 -0.39795 -0.23069 -0.14975  0.68543  0.09277  0.14712  0.04867  0.05491
0   0 C 1  6  0.03276  0.24253 -0.37226 -0.10358  0.13499  0.27097 -0.26858  0.15029 -0.06197  0.03920 -0.34146  0.06132  0.12865  0.16837 -0.38485 -0.07339
0   0 C 1  7 -0.21054 -0.44487 -0.53231 -0.10212 -0.07020 -0.02313 -0.33852  0.05183 -0.29513  0.03280 -0.38504 -0.00773  0.26067  0.02528 -0.26349 -0.07096
0   0 C 1  8 -0.24018 -0.35728 -0.33398 -0.00018 -0.14888  0.07529 -0.14992 -0.12196 -0.23582 -0.14573 -0.00592 -0.14529 -0.21030 -0.05884 -0.15350  0.00341
0   0 C 1  9 -0.04808 -0.08938  0.16505  0.31042  0.43484 -0.13596  0.18620 -0.15393 -0.26797  0.00916 -0.08478 -0.39920 -0.33432 -0.16401 -0.08579 -0.11666
0   0 C 1 10  0.06096 -0.32738 -0.44275 -0.30084 -0.48519 -0.34943 -0.13339 -0.30091 -0.40584 -0.26374 -0.37944 -0.45768 -0.25318 -0.17540 -0.24089  0.06176
0   0 C 1 11  0.06546 -0.14007 -0.28577 -0.16915 -0.29950 -0.28585  0.01341 -0.20625 -0.12279 -0.07721 -0.05293 -0.00539  0.11006 -0.08307  0.09668 -0.04674
0   0 C 1 12  0.01614  0.00400 -0.15707  0.21907  0.25759 -0.01615 -0.08874 -0.25352 -0.21979 -0.26634 -0.17102  0.16915  0.25586 -0.06139 -0.03470 -0.05155
0   0 C 1 13 -0.03061 -0.11213 -0.19046  0.25154  0.47003  0.11196 -0.11921 -0.19463 -0.22405 -0.12094 -0.23421  0.04745  0.24284  0.08008 -0.03759  0.02805
0   0 C 1 14  0.00665 -0.02731 -0.18200  0.18413  0.12341  0.00597 -0.18060 -0.21797 -0.27605 -0.26888 -0.23642  0.01421 -0.00513 -0.04630 -0.13353 -0.12696
0   0 C 1 15 -0.04783 -0.03893 -0.08838  0.03060  0.03460 -0.08808 -0.10850 -0.15635 -0.17340 -0.08030 -0.05431 -0.01887  0.05412  0.11779 -0.07123  0.07426
0   0 C 1 16 -0.09120 -0.08010 -0.18540  0.14886  0.07304 -0.09233 -0.13297 -0.10344 -0.17499 -0.07845 -0.04835 -0.01900 -0.00466  0.04004 -0.09120 -0.03588
0   0 C 1 17  0.04594 -0.01105  0.13361  0.04156 -0.08734 -0.05100 -0.00366 -0.05149 -0.09992 -0.07841  0.05800  0.08743  0.04671  0.15967 -0.06273 -0.01461
0   0 C 1 18  0.12873  0.04000  0.04622  0.07295  0.00623 -0.09882 -0.10201  0.00020 -0.06667 -0.03753  0.01560  0.06398  0.05918  0.08044 -0.00568  0.07647
0   0 C 1 19  0.12912  0.08338  0.04982  0.06006 -0.06514 -0.08878 -0.04995  0.04516 -0.00025 -0.03387  0.00489  0.00336  0.07503  0.05350 -0.01734  0.06730
0   0 C 1 20  0.08823  0.04741  0.05033  0.06766 -0.05738 -0.06052 -0.03442 -0.01265 -0.04156  0.00738  0.00473  0.03857  0.03185  0.04852  0.03783  0.11022
0   0 C 1 21  0.14838  0.02319 -0.02041  0.09138  0.06438 -0.08245 -0.23206 -0.00658  0.01784  0.01693 -0.05103  0.01520 -0.01428 -0.05760  0.03128  0.04900
0   0 C 1 22  0.04610 -0.00921 -0.11136  0.04175  0.06857 -0.09677 -0.14330 -0.00062  0.02707 -0.05471 -0.06308 -0.03827 -0.06018 -0.07235 -0.05634  0.04267
0   0 C 1 23  0.11563  0.16013  0.00325  0.10118  0.11604  0.05312 -0.01096  0.01183  0.00860  0.03599  0.05020  0.03968  0.05781 -0.02400 -0.02165  0.09145
0   0 C 1 24  0.12554  0.08584  0.05089  0.07608  0.03877  0.03661 -0.04977 -0.02033  0.07113 -0.08605  0.05866  0.13249  0.08262 -0.00220 -0.04418 -0.01134
0   0 C 1 25  0.02522  0.11026 -0.05190 -0.09254 -0.03319  0.01618 -0.07256 -0.08487 -0.04301 -0.08291 -0.12411 -0.00886 -0.05862 -0.05198 -0.08654 -0.06649
0   0 C 1 26 -0.01184  0.04990  0.04809 -0.08244 -0.15090 -0.01468 -0.13232 -0.03130 -0.01614 -0.04749 -0.05931 -0.02903  0.02263 -0.11569 -0.17176 -0.06201
0   0 C 1 27  0.12808  0.14519  0.08528 -0.03941  0.00095  0.07120 -0.08846  0.06215  0.04354 -0.06181  0.04215  0.05102 -0.00263 -0.03731 -0.07646 -0.02727
0   0 C 1 28  0.07097  0.05807  0.08580 -0.07722 -0.08328  0.05742 -0.08657 -0.04787 -0.01632 -0.01913 -0.05406 -0.01191  0.05642 -0.05466 -0.09932 -0.05755
0   0 C 1 29 -0.00028  0.02146 -0.06640 -0.10869 -0.07609  0.07761 -0.06523 -0.03407 -0.02293 -0.17742  0.08862  0.00134  0.06037 -0.07108 -0.17789 -0.08775
0   0 C 1 30  0.01293 -0.01748  0.02492 -0.06878 -0.10197  0.03210 -0.10779 -0.03422 -0.03947 -0.06596  0.03133  0.05001  0.09910 -0.10048 -0.14284 -0.10230
0   0 C 1 31  0.00399  0.02439  0.03262 -0.07597 -0.12223  0.02596 -0.12967 -0.02403  0.04357  0.09542 -0.00342 -0.01455  0.05783 -0.11456 -0.23856 -0.17625
0   0 C 1 32 -0.04450 -0.04891  0.01898 -0.08838 -0.01658  0.04896 -0.14412  0.03188  0.01571 -0.00589  0.02112 -0.00596  0.12260 -0.08759 -0.13433 -0.14359
0   0 C 1 33  0.06816  0.00756 -0.00779  0.03372  0.02947  0.09997  0.04332  0.11900  0.08147 -0.11611  0.09737  0.20604  0.23784 -0.08088 -0.06731 -0.13022
0   0 C 1 34  0.04930 -0.07855 -0.01674  0.00239 -0.00760  0.06637 -0.06424  0.01365  0.08918 -0.06952  0.04675  0.07259  0.41642 -0.16478 -0.08093  0.07421
0   0 C 1 35  0.07445 -0.01802 -0.14158  0.19861  0.14459  0.11472 -0.09964 -0.05900  0.11352  0.06315  0.07962  0.14520  0.13250 -0.14518 -0.08869 -0.09252
0   0 C 1 36  0.03840 -0.18276 -0.15290  0.27986  0.16544  0.04599 -0.20120 -0.20941 -0.02561 -0.27943 -0.01251  0.21943  0.11609 -0.11667 -0.29892 -0.24245
0   0 C 1 37 -0.10002 -0.07926 -0.15072  0.11723 -0.01519  0.01821  0.16563 -0.08612 -0.03804 -0.04083  0.02178  0.20164  0.22122 -0.13909 -0.19724 -0.37508
0   0 C 1 38  0.20732  0.19631 -0.06677  0.08984 -0.29439 -0.14429  0.04632  0.05895  0.20218  0.31137  0.08991  0.25934  0.15430 -0.14388 -0.06219 -0.22948
0   0 C 1 39  0.21878  0.90371  0.02793  0.08172 -0.37485 -0.08686  0.14466  0.72812  0.60781  0.53180  0.27030  0.37968  0.12137 -0.10495  0.57888  0.26252
0   0 C 1 40 -0.02156 -0.05703 -0.12929  0.24482  0.07518  0.10121  0.07120 -0.21526 -0.03342  0.39018 -0.01920  0.19983 -0.13433 -0.02714 -0.02379 -0.31003
0   0 C 1 41  0.20989 -0.15599 -0.06434  0.04382  0.04943  0.11244  0.03430 -0.04316  0.50701  0.30359  0.44619  0.21140 -0.03203  0.13545 -0.01756 -0.22653
0   0 C 1 42  0.16296 -0.01787  0.07751  0.10638  0.06249 -0.12765 -0.00277 -0.00211  0.40213  0.12313  0.30381  0.42179  0.38624 -0.34924  0.07364 -0.08712
0   0 C 1 43 -0.08190 -0.38692 -0.60340  0.18636 -0.12189 -0.06382  0.00741 -0.28301  0.49807 -0.00936  0.39272  0.55169  0.19188 -0.54666  0.15956 -0.25415
0   0 C 1 44  0.25471  0.02542 -0.40272 -0.14060  0.31981 -0.19526 -0.21450 -0.47821  0.37607 -0.19215  0.13789  0.22495  0.62915 -0.02345 -0.24788 -0.55095
0   0 C 1 45  0.22843 -0.20894 -0.55158 -0.19845 -0.01807 -0.15410 -0.45588  0.12088 -0.40992 -0.27439  0.05901  0.72748 -0.10466 -0.58352 -0.03407  0.04841
0   0 C 1 46  0.17214 -0.05411 -0.21627  0.00631 -0.05721  0.36855  0.27766 -0.02624  0.08069 -0.06185 -0.17133  0.04775  0.50570 -0.24780 -0.36874 -0.32239
0   0 C 1 47 -0.10438 -0.12926 -0.35699 -0.51541 -0.21695 -0.17768 -0.11917  0.26777 -0.04416 -0.06110  0.22676  0.28158 -0.01349  0.13880 -0.23592  0.26647
0   0 C 1 48 -0.11707  0.23341 -0.25427 -0.48105  0.15866 -0.11232  0.62416  0.79625  0.27342  0.03917 -0.50244  0.12402 -0.07767 -0.69503 -0.01921  0.62034
0   0 C 1 49 -0.39543  0.19537  0.19155  0.72794  0.99508  0.67379  0.35833  0.16715  0.32549  0.25287 -0.41019  0.63638  0.59023 -0.50708 -0.38122  0.22522
0   0 S 1 0  0   0.13772   1.11573
0   0 S 1 0  1   1.05907   0.34281
0   0 S 1 0  2   0.02242   0.44412
0   0 S 1 0  3   0.19404   0.60239
0   0 S 1 0  4   1.08838   0.44224
0   0 S 1 0  5   0.60256  -0.05662
0   0 S 1 0  6   0.65670   0.31974
0   0 S 1 0  7   0.30760   0.09592
0   0 S 1 0  8  -0.10069  -0.05668
0   0 S 1 0  9   0.90680   1.10662
0   0 S 1 0 10   1.14870   0.27130
0   0 S 1 0 11   1.53108   0.47273
0   0 S 1 0 12   1.02401  -0.59949
0   0 S 1 0 13   1.22720  -0.04154
0   0 S 1 0 14   0.46807   0.45370
0   0 S 1 0 15   3.30641   1.30443
0   0 S 1 0 16   1.79186  -0.76625
0   0 S 1 0 17   1.19471   0.26390
0   0 S 1 0 18   1.48745  -0.34453
0   0 S 1 0 19   3.41317   0.13140
0   0 S 1 0 20   0.72566  -1.04239
0   0 S 1 0 21   0.01078  -0.28984
0   0 S 1 0 22  -0.62810  -0.98560
0   0 S 1 0 23  -1.01992  -1.01992
0   0 S 1 0 24  -0.79736  -0.79736
0   0 S 1 1  0   0.05688  -0.10014
0   0 S 1 1  1  -0.08094  -0.00568
0   0 S 1 1  2   0.09853   0.00719
0   0 S 1 1  3   0.09366  -0.01743
0   0 S 1 1  4  -0.04756  -0.02134
0   0 S 1 1  5   0.05327   0.04185
0   0 S 1 1  6   0.07829   0.02565
0   0 S 1 1  7   0.10222   0.04439
0   0 S 1 1  8   0.16939  -0.00421
0   0 S 1 1  9   0.09452  -0.12877
0   0 S 1 1 10   0.10349  -0.03274
0   0 S 1 1 11  -0.03008  -0.16261
0   0 S 1 1 12   0.09155   0.07344
0   0 S 1 1 13   0.11911  -0.00294
0   0 S 1 1 14   0.20322  -0.00644
0   0 S 1 1 15  -0.04340  -0.06598
0   0 S 1 1 16   0.10808   0.24018
0   0 S 1 1 17   0.12708   0.12587
0   0 S 1 1 18   0.09123   0.15574
0   0 S 1 1 19  -0.10954   0.03239
0   0 S 1 1 20   0.39200   0.32759
0   0 S 1 1 21   0.56770   0.21105
0   0 S 1 1 22   0.64002   0.32354
0   0 S 1 1 23   0.45417   0.45417
0   0 S 1 1 24   0.58368   0.58368
0   0 S 1 2  0   0.02930   0.14232
0   0 S 1 2  1   0.12930   0.05587
0   0 S 1 2  2   0.02687   0.08133
0   0 S 1 2  3   0.04346   0.10241
0   0 S 1 2  4   0.12136   0.08177
0   0 S 1 2  5   0.09054   0.02768
0   0 S 1 2  6   0.10178   0.08335
0   0 S 1 2  7   0.04877   0.06671
0   0 S 1 2  8   0.01396   0.03397
0   0 S 1 2  9   0.13618   0.18724
0   0 S 1 2 10   0.17226   0.12943
0   0 S 1 2 11   0.18678   0.14671
0   0 S 1 2 12   0.16097   0.07598
0   0 S 1 2 13   0.20415   0.13032
0   0 S 1 2 14   0.11215   0.24051
0   0 S 1 2 15   0.44234   0.33272
0   0 S 1 2 16   0.27239   0.07284
0   0 S 1 2 17   0.17934   0.18209
0   0 S 1 2 18   0.20344   0.08273
0   0 S 1 2 19   0.40370   0.09570
0   0 S 1 2 20   0.14997   0.01982
0   0 S 1 2 21   0.07608   0.08070
0   0 S 1 2 22   0.00000   0.00153
0   0 S 1 2 23   0.01584   0.01584
0   0 S 1 2 24   0.10926   0.10926
0   0 F  0   1.01248   1.01248   1.00539   1.00539   0.99509   0.99509   0.99215   0.99215   0.99375   0.99375   0.99405   0.99405   1.00466   1.00466   0.99305   0.99305   0.99585   0.99585   0.99281   0.99281   0.98441   0.98441   0.99743   0.99743   1.01142
0   0 F  1   1.05785   1.05785   1.03280   1.03280   1.03382   1.03382   1.04268   1.04268   1.05851   1.05851   1.09235   1.09235   1.14451   1.14451   1.15841   1.15841   1.12477   1.12477   1.11334   1.11334   1.13121   1.13121   1.06382   1.06382   1.01009
0   0 F  2   1.03842   1.03842   1.06000   1.06000   1.01185   1.01185   1.04735   1.04735   1.06594   1.06594   1.09044   1.09044   1.13974   1.13974   1.14341   1.14341   1.11600   1.11600   1.12253   1.12253   1.10653   1.10653   1.04855   1.04855   0.97299
0   0 F  3   1.03100   1.03100   1.05570   1.05570   1.01727   1.01727   1.05018   1.05018   1.05450   1.05450   1.10266   1.10266   1.13867   1.13867   1.14516   1.14516   1.12417   1.12417   1.10892   1.10892   1.11789   1.11789   1.02807   1.02807   0.97648
0   0 F  4   1.02929   1.02929   1.03295   1.03295   1.02077   1.02077   1.05772   1.05772   1.06790   1.06790   1.09749   1.09749   1.14848   1.14848   1.14535   1.14535   1.11523   1.11523   1.10621   1.10621   1.11115   1.11115   1.04552   1.04552   0.98959
0   0 F  5   1.05502   1.05502   1.02593   1.02593   1.04209   1.04209   1.07151   1.07151   1.05871   1.05871   1.11523   1.11523   1.14638   1.14638   1.15528   1.15528   1.12250   1.12250   1.10285   1.10285   1.09125   1.09125   1.01945   1.01945   1.03427
0   0 F  6   1.11050   1.11050   1.12363   1.12363   1.07976   1.07976   1.08093   1.08093   1.09500   1.09500   1.15314   1.15314   1.17632   1.17632   1.16912   1.16912   1.13772   1.13772   1.14087   1.14087   1.11932   1.11932   1.07809   1.07809   1.07949
0   0 F  7   1.10666   1.10666   1.11570   1.11570   1.07855   1.07855   1.09482   1.09482   1.08804   1.08804   1.14399   1.14399   1.18526   1.18526   1.18988   1.18988   1.13885   1.13885   1.14424   1.14424   1.13609   1.13609   1.09071   1.09071   1.11657
0   0 F  8   1.10910   1.10910   1.09261   1.09261   1.10052   1.10052   1.09999   1.09999   1.09041   1.09041   1.14293   1.14293   1.17366   1.17366   1.17283   1.17283   1.14051   1.14051   1.13984   1.13984   1.13864   1.13864   1.10233   1.10233   1.14724
