NSET 1
NMEM 1
CPHI 16 
CETA 50 -2.50 -2.40 -2.30 -2.20 -2.10 -2.00 -1.90 -1.80 -1.70 -1.60 -1.50 -1.40 -1.30 -1.20 -1.10 -1.00 -0.90 -0.80 -0.70 -0.60 -0.50 -0.40 -0.30 -0.20 -0.10  0.00  0.10  0.20  0.30  0.40  0.50  0.60  0.70  0.80  0.90  1.00  1.10  1.20  1.30  1.40  1.50  1.60  1.70  1.80  1.90  2.00  2.10  2.20  2.30  2.40  2.50 
RMIN  0 
NEXT  2  0.00  0.95  1.20 
RETA 25  0.00  0.10  0.20  0.30  0.40  0.50  0.60  0.70  0.80  0.90  1.00  1.10  1.20  1.30  1.40  1.50  1.60  1.70  1.80  1.90  2.00  2.10  2.20  2.30  2.40  2.50 
KRUN 32 297049 297291 297502 297674 299442 300121 300279 300514 300635 301160 301446 301940 302041 302336 302483 302633 303837 304061 304157 304291 304446 304653 304737 305045 305113 305236 305350 305405 305635 305841 306120 306153 306461 
FRUN  8 0.000 0.125 0.245 0.371 0.492 0.621 0.750 0.868 1.000 
0   0 T 0  0    0.00000   0.31204   1.00000
0   0 T 0  1    0.00000   0.31973   1.00000
0   0 T 0  2    0.00000   0.36184   1.00000
0   0 T 0  3    0.00000   0.41435   1.00000
0   0 T 0  4    0.00000   0.44657   1.00000
0   0 T 0  5    0.00000   0.46970   1.00000
0   0 T 0  6    0.00000   0.49147   1.00000
0   0 T 0  7    0.00000   0.53006   1.00000
0   0 T 0  8    0.00000   0.60238   1.00000
0   0 T 0  9    0.00000   0.68581   1.00000
0   0 T 0 10    0.00000   0.78323   1.00000
0   0 T 0 11    0.00000   0.87793   1.00000
0   0 T 0 12    0.00000   0.90412   1.00000
0   0 T 0 13    0.00000   0.91510   1.00000
0   0 T 0 14    0.00000   0.90604   1.00000
0   0 T 0 15    0.00000   0.81333   1.00000
0   0 T 0 16    0.00000   0.77033   1.00000
0   0 T 0 17    0.00000   0.72128   1.00000
0   0 T 0 18    0.00000   0.63971   1.00000
0   0 T 0 19    0.00000   0.50145   1.00000
0   0 T 0 20    0.00000   0.39598   1.00000
0   0 T 0 21    0.00000   0.31914   1.00000
0   0 T 0 22    0.00000   0.26820   1.00000
0   0 T 0 23    0.00000   1.00000   1.00000
0   0 T 0 24    0.00000   1.00000   1.00000
0   0 T 1  0    0.00000   0.31875   1.00000
0   0 T 1  1    0.00000   0.32268   1.00000
0   0 T 1  2    0.00000   0.36610   1.00000
0   0 T 1  3    0.00000   0.42390   1.00000
0   0 T 1  4    0.00000   0.45395   1.00000
0   0 T 1  5    0.00000   0.47621   1.00000
0   0 T 1  6    0.00000   0.50412   1.00000
0   0 T 1  7    0.00000   0.53772   1.00000
0   0 T 1  8    0.00000   0.61738   1.00000
0   0 T 1  9    0.00000   0.70574   1.00000
0   0 T 1 10    0.00000   0.79576   1.00000
0   0 T 1 11    0.00000   0.87842   1.00000
0   0 T 1 12    0.00000   0.90997   1.00000
0   0 T 1 13    0.00000   0.92183   1.00000
0   0 T 1 14    0.00000   0.91093   1.00000
0   0 T 1 15    0.00000   0.85037   1.00000
0   0 T 1 16    0.00000   0.80339   1.00000
0   0 T 1 17    0.00000   0.75900   1.00000
0   0 T 1 18    0.00000   0.66566   1.00000
0   0 T 1 19    0.00000   0.55880   1.00000
0   0 T 1 20    0.00000   0.43968   1.00000
0   0 T 1 21    0.00000   0.35595   1.00000
0   0 T 1 22    0.00000   0.27630   1.00000
0   0 T 1 23    0.00000   1.00000   1.00000
0   0 T 1 24    0.00000   1.00000   1.00000
0   0 R 0  0       0.005216       0.004872 
0   0 R 0  1       0.002250       0.004329 
0   0 R 0  2       0.003917       0.006338 
0   0 R 0  3       0.004323       0.006012 
0   0 R 0  4       0.005245       0.006736 
0   0 R 0  5       0.005093       0.005772 
0   0 R 0  6       0.006157       0.003724 
0   0 R 0  7       0.006465       0.003413 
0   0 R 0  8       0.002958       0.004602 
0   0 R 0  9       0.005933       0.006552 
0   0 R 0 10       0.006391       0.004276 
0   0 R 0 11       0.004807       0.003643 
0   0 R 0 12       0.002584       0.007054 
0   0 R 0 13       0.002275       0.005329 
0   0 R 0 14       0.006954       0.006003 
0   0 R 0 15       0.005596       0.003454 
0   0 R 0 16       0.008951       0.005064 
0   0 R 0 17       0.005896       0.001474 
0   0 R 0 18       0.006159       0.005379 
0   0 R 0 19       0.006457       0.007961 
0   0 R 0 20       0.003698       0.008269 
0   0 R 0 21       0.000884       0.003285 
0   0 R 0 22       0.003339       0.013244 
0   0 R 0 23       0.013027       0.013027 
0   0 R 0 24       0.016559       0.016559 
0   0 R 1  0      11.536907      10.755333 
0   0 R 1  1      29.454914      12.673300 
0   0 R 1  2       9.080773      -0.000683 
0   0 R 1  3       0.000632       2.443564 
0   0 R 1  4      11.597383      -0.000618 
0   0 R 1  5       0.004022       4.196045 
0   0 R 1  6       3.112279      16.599374 
0   0 R 1  7       0.000807      21.586580 
0   0 R 1  8      25.950120      13.184455 
0   0 R 1  9       0.000318       0.947904 
0   0 R 1 10       0.002012      15.590038 
0   0 R 1 11      21.856080      23.071834 
0   0 R 1 12      45.619675       0.002108 
0   0 R 1 13      54.202050      -0.000294 
0   0 R 1 14      14.008399      17.001660 
0   0 R 1 15      29.587940      44.268957 
0   0 R 1 16      13.557448      31.161822 
0   0 R 1 17      24.483984     106.436119 
0   0 R 1 18      23.188332      28.844838 
0   0 R 1 19      22.412270      17.467279 
0   0 R 1 20      44.625467      16.840301 
0   0 R 1 21     187.525420      48.681155 
0   0 R 1 22      52.028721       9.286194 
0   0 R 1 23       9.355492       9.355492 
0   0 R 1 24       9.222822       9.222822 
0   0 R 2  0     152.404213      66.355409 
0   0 R 2  1     439.454111      48.609507 
0   0 R 2  2     216.036269      87.044497 
0   0 R 2  3     226.531238      94.592277 
0   0 R 2  4     154.619713     103.184353 
0   0 R 2  5     184.206827      88.628720 
0   0 R 2  6     142.127677      67.999624 
0   0 R 2  7     148.865379      74.277366 
0   0 R 2  8     280.923772     105.243785 
0   0 R 2  9     185.684279     120.894660 
0   0 R 2 10     191.472368     163.108579 
0   0 R 2 11     266.519844     244.480554 
0   0 R 2 12     485.085499     180.760579 
0   0 R 2 13     548.822638     203.957338 
0   0 R 2 14     217.877469     139.961919 
0   0 R 2 15     272.983992     327.840726 
0   0 R 2 16     204.501676     274.838182 
0   0 R 2 17     197.954600     335.244500 
0   0 R 2 18     179.229918      77.095091 
0   0 R 2 19     139.039100      48.819063 
0   0 R 2 20     213.280620      49.886614 
0   0 R 2 21     989.833780      78.960289 
0   0 R 2 22     252.892162      43.832181 
0   0 R 2 23      48.439866      48.439866 
0   0 R 2 24      34.544422      34.544422 
0   0 R 3  0       6.130484       1.613030 
0   0 R 3  1      31.437734       0.410877 
0   0 R 3  2       8.476400       3.075869 
0   0 R 3  3      10.080310       2.368642 
0   0 R 3  4       1.821743       3.857341 
0   0 R 3  5       5.224526       1.889930 
0   0 R 3  6       3.711802       0.418870 
0   0 R 3  7       2.587638       2.099218 
0   0 R 3  8       3.744676       1.888249 
0   0 R 3  9       4.219208       5.406234 
0   0 R 3 10       3.474256       3.661082 
0   0 R 3 11       3.009674       5.507615 
0   0 R 3 12       6.550228      10.173545 
0   0 R 3 13      10.510633       5.807634 
0   0 R 3 14       7.579388       3.160866 
0   0 R 3 15      15.857522       9.954283 
0   0 R 3 16      11.713042      18.560294 
0   0 R 3 17      10.426698       4.971342 
0   0 R 3 18       9.637744       0.000186 
0   0 R 3 19       5.677162       0.250519 
0   0 R 3 20      84.149713       7.355390 
0   0 R 3 21     115.665884       5.720214 
0   0 R 3 22       7.189148       7.505992 
0   0 R 3 23       8.872366       8.872366 
0   0 R 3 24       9.850491       9.850491 
0   0 R 4  0      -0.059043       0.224266 
0   0 R 4  1      -0.342496       0.851972 
0   0 R 4  2      -0.054397      -0.177356 
0   0 R 4  3      -0.152478      -0.044752 
0   0 R 4  4       0.415621      -0.234781 
0   0 R 4  5       0.014249       0.095989 
0   0 R 4  6       0.083813       1.010148 
0   0 R 4  7       0.207713       0.511697 
0   0 R 4  8       0.436906       0.295020 
0   0 R 4  9       0.134033      -0.195642 
0   0 R 4 10       0.234815       0.171794 
0   0 R 4 11       0.465437       0.166098 
0   0 R 4 12       0.460970      -0.303975 
0   0 R 4 13       0.391617       0.016742 
0   0 R 4 14       0.075433       0.276126 
0   0 R 4 15      -0.034542       0.067213 
0   0 R 4 16      -0.130402      -0.235017 
0   0 R 4 17       0.227665       1.010677 
0   0 R 4 18       0.244283       4.827409 
0   0 R 4 19       0.621928       1.830639 
0   0 R 4 20       0.180597       5.260507 
0   0 R 4 21       0.145800       7.623700 
0   0 R 4 22       5.262134       3.882217 
0   0 R 4 23       5.979241       5.979241 
0   0 R 4 24       0.079124       0.079124 
0   0 R 6  0       0.868706       0.924859 
0   0 R 6  1       0.890912       0.940541 
0   0 R 6  2       0.887666       0.918848 
0   0 R 6  3       0.881401       0.894735 
0   0 R 6  4       0.827998       0.845904 
0   0 R 6  5       0.883612       0.876235 
0   0 R 6  6       0.888054       0.868989 
0   0 R 6  7       0.867036       0.853821 
0   0 R 6  8       0.892825       0.858983 
0   0 R 6  9       0.918024       0.888394 
0   0 R 6 10       0.923772       0.907479 
0   0 R 6 11       0.917113       0.911394 
0   0 R 6 12       0.935826       0.934541 
0   0 R 6 13       0.943949       0.929320 
0   0 R 6 14       0.928696       0.941103 
0   0 R 6 15       0.960359       0.983364 
0   0 R 6 16       0.943339       0.937224 
0   0 R 6 17       0.961245       0.923466 
0   0 R 6 18       0.979707       0.944877 
0   0 R 6 19       1.006206       0.961421 
0   0 R 6 20       1.007922       0.968529 
0   0 R 6 21       1.016926       0.988550 
0   0 R 6 22       1.025203       0.984260 
0   0 R 6 23       1.009110       1.009110 
0   0 R 6 24       0.994506       0.994506 
0   0 R 7  0       1.008707       1.065220 
0   0 R 7  1       1.075607       1.167988 
0   0 R 7  2       1.013244       1.036057 
0   0 R 7  3       0.973861       0.933677 
0   0 R 7  4       0.810656       0.772315 
0   0 R 7  5       0.971726       0.856333 
0   0 R 7  6       0.985018       0.832657 
0   0 R 7  7       0.952789       0.844344 
0   0 R 7  8       1.039406       0.884036 
0   0 R 7  9       1.113968       1.002088 
0   0 R 7 10       1.116055       1.026181 
0   0 R 7 11       1.045302       1.076391 
0   0 R 7 12       1.161527       1.229154 
0   0 R 7 13       1.136803       1.066123 
0   0 R 7 14       1.134369       1.258406 
0   0 R 7 15       1.299015       1.432721 
0   0 R 7 16       1.220891       1.268071 
0   0 R 7 17       1.358092       1.201873 
0   0 R 7 18       1.468474       1.250326 
0   0 R 7 19       1.709855       1.309064 
0   0 R 7 20       1.775636       1.404969 
0   0 R 7 21       1.916559       1.530840 
0   0 R 7 22       2.060904       1.612870 
0   0 R 7 23       1.751654       1.751654 
0   0 R 7 24       1.731847       1.731847 
0   0 R 8  0       4.161800       4.879741 
0   0 R 8  1       5.147587       4.519510 
0   0 R 8  2       7.264640       6.078988 
0   0 R 8  3       8.294856       7.387758 
0   0 R 8  4       6.585854       7.841718 
0   0 R 8  5       9.150728       9.202067 
0   0 R 8  6       9.156129      10.926067 
0   0 R 8  7       5.937461       7.077997 
0   0 R 8  8       6.249631       7.388951 
0   0 R 8  9       6.103659       5.508123 
0   0 R 8 10       8.769785       7.731722 
0   0 R 8 11       8.840197       7.633920 
0   0 R 8 12       8.575358       5.611409 
0   0 R 8 13      12.703298      10.299721 
0   0 R 8 14       6.129913       3.578246 
0   0 R 8 15       3.987748       3.275847 
0   0 R 8 16       6.826139       5.677348 
0   0 R 8 17       4.574643       4.975608 
0   0 R 8 18       4.351787       6.833905 
0   0 R 8 19       4.092548       9.826524 
0   0 R 8 20       3.001761       5.673172 
0   0 R 8 21       2.812656       6.089537 
0   0 R 8 22       2.691260       5.668466 
0   0 R 8 23       4.368355       4.368355 
0   0 R 8 24       8.806747       8.806747 
0   0 R 9  0       1.540860       1.995904 
0   0 R 9  1       1.494084       2.011349 
0   0 R 9  2       1.605733       2.047063 
0   0 R 9  3       1.684376       2.082336 
0   0 R 9  4       1.675296       2.055892 
0   0 R 9  5       1.654322       2.058007 
0   0 R 9  6       1.603381       2.010168 
0   0 R 9  7       1.690595       2.054130 
0   0 R 9  8       1.741251       2.101841 
0   0 R 9  9       1.889763       2.346430 
0   0 R 9 10       1.968818       2.452238 
0   0 R 9 11       2.116766       2.520753 
0   0 R 9 12       2.104334       2.399203 
0   0 R 9 13       2.084703       2.580645 
0   0 R 9 14       2.351092       2.623905 
0   0 R 9 15       2.169188       2.818840 
0   0 R 9 16       2.550766       3.327113 
0   0 R 9 17       2.552211       3.205478 
0   0 R 9 18       2.561476       3.118580 
0   0 R 9 19       2.447527       2.922924 
0   0 R 9 20       2.431494       2.880821 
0   0 R 9 21       2.317443       2.582980 
0   0 R 9 22       2.407642       2.687061 
0   0 R 9 23       2.455878       2.455878 
0   0 R 9 24       1.950163       1.950163 
0   0 R 10  0       4.993618       5.203237 
0   0 R 10  1       5.209830       5.107959 
0   0 R 10  2       4.827925       4.789249 
0   0 R 10  3       4.825536       4.681943 
0   0 R 10  4       5.052770       4.792277 
0   0 R 10  5       5.207149       4.713091 
0   0 R 10  6       5.477781       4.640276 
0   0 R 10  7       4.996993       4.517435 
0   0 R 10  8       5.370991       4.701550 
0   0 R 10  9       5.050302       3.721092 
0   0 R 10 10       5.176559       3.660938 
0   0 R 10 11       4.611222       3.611533 
0   0 R 10 12       4.535930       4.863114 
0   0 R 10 13       4.855464       2.868800 
0   0 R 10 14       3.810508       3.035377 
0   0 R 10 15       5.008970       2.431418 
0   0 R 10 16       3.105843       1.779161 
0   0 R 10 17       2.677156       2.171314 
0   0 R 10 18       2.317295       2.122783 
0   0 R 10 19       2.720927       3.823866 
0   0 R 10 20       2.351635       3.381215 
0   0 R 10 21       2.673965       5.518954 
0   0 R 10 22       2.809815       5.701352 
0   0 R 10 23       3.476699       3.476699 
0   0 R 10 24      12.628248      12.628248 
0   0 C 0  0  1.53079  0.18974  0.71291  2.07975 -0.05797  1.28052 -0.44552  0.22396  0.07475  0.23272  1.43512 -0.51395 -0.17775 -1.17799  0.39745 -0.64217
0   0 C 0  1  1.13070 -0.09238 -0.10435  1.51874  0.55217  0.41562 -1.03642  0.13120  0.25444  0.26684  0.41837  1.59337  0.64288 -0.15120  0.18931  0.32840
0   0 C 0  2  0.35055  0.74206  0.47195  1.85076  1.65896  0.40090 -0.13672  1.17417  0.76646  0.21736  1.14672  1.25308  0.99040  0.34509  0.48589  0.98350
0   0 C 0  3  0.67730  0.95274  0.47709  1.42069  0.82468  0.32034  0.61378  0.84149  0.79267  0.34543  0.60850  1.04809  1.11346  0.91029  0.12713  0.23248
0   0 C 0  4  0.06724  0.63438  1.03080  1.00908  0.29546  0.75566  0.33311  0.02006  0.58515  0.07088  0.41794  0.85499  0.29879  0.16192  0.30999 -0.21210
0   0 C 0  5  0.74778  0.42543  0.93406  0.91472  0.80842  0.08192  0.10489 -0.10292  0.53994 -0.03734  0.65368  0.46777  0.67403 -0.24187 -0.38482 -0.42555
0   0 C 0  6  0.88380  0.65076  0.97485  0.94593  0.61509  0.27810  0.43388 -0.02177  0.52202  0.43520  0.49703  0.82964  1.24438  0.72046  0.00484 -0.11683
0   0 C 0  7  0.22025  0.07377  0.54474  1.11055  0.14331  0.40802 -0.14708  0.16649  0.08641  0.20073  0.00597  0.72751  0.76784  0.58117 -0.09283 -0.14574
0   0 C 0  8  1.01170  0.42997  0.71072  0.88943  1.40486 -0.03261  1.19153  0.62280  0.73509  0.74901  0.85336  0.79375  1.31799  0.87478  1.10160  0.33399
0   0 C 0  9  0.11823 -0.76561  0.02131 -0.66481 -0.28993 -1.03884 -0.08538 -0.47626 -0.18349  0.85785  0.48011 -1.06784  0.11849  0.56896  0.09230  0.19977
0   0 C 0 10  1.17573 -0.36313  0.45509  0.20775  0.56689  0.25917  0.64288  0.14559  0.33978 -0.44466  0.35004  0.00409  0.41374  0.23618  0.59261  0.64338
0   0 C 0 11  0.70047 -0.13968  0.16089 -0.34437  0.11341 -0.07641  0.49308  0.16509  0.34556 -0.18854  0.41546  0.06392  0.52135  0.56116  0.72739  0.14128
0   0 C 0 12  0.55903  0.24010  0.24842  0.11968  0.48973  0.19120  0.33705 -0.05812  0.12427 -0.23511  0.33470 -0.18584  0.30282  0.35087  0.27027 -0.06809
0   0 C 0 13  0.44761 -0.20904  0.38588  0.33308  1.11061  0.69472  0.28791  0.02825  0.20247 -0.21968  0.36158 -0.12891  0.41217  0.44064  0.28778  0.12201
0   0 C 0 14  0.43081  0.04778  0.20420  0.34411  0.50300  0.28782  0.14007  0.12099  0.02964 -0.02033  0.39106  0.02255  0.10227  0.24448  0.40665  0.02476
0   0 C 0 15  0.39638  0.03232  0.06009  0.23394  0.30837  0.23174  0.05961  0.13910  0.07622  0.07194  0.26215  0.13300  0.28761  0.65719  0.07910  0.56829
0   0 C 0 16  0.18086 -0.13296 -0.01632  0.64797  0.35419  0.28498 -0.04780  0.01858  0.13412 -0.01039  0.09258 -0.02442 -0.02351  0.40590  0.05442  0.32264
0   0 C 0 17  0.02712  0.10260  0.63454  0.31981  0.08576  0.39544  0.28565 -0.01234  0.01502  0.06788  0.10288  0.10202  0.03557  0.42587  0.21839  0.14753
0   0 C 0 18  0.11733  0.06874  0.20079  0.05600  0.13923  0.13018 -0.00449 -0.09586  0.02257  0.05849  0.04657  0.01803  0.03608  0.25249  0.00733  0.03000
0   0 C 0 19  0.11289 -0.06067  0.14647  0.12282  0.13004  0.28725 -0.11730 -0.02487 -0.03195  0.09267  0.06713  0.04164 -0.13090  0.07793  0.17012  0.26763
0   0 C 0 20  0.12973  0.08948  0.13080  0.24187  0.27395  0.17106  0.07165  0.04656  0.11685  0.14054  0.09241  0.16275 -0.03090  0.30021  0.24488  0.37228
0   0 C 0 21  0.07868  0.00757 -0.02896  0.07238  0.25205  0.25079 -0.00641  0.05520  0.26079  0.07984  0.15398  0.00922 -0.14945  0.33529  0.01605  0.21007
0   0 C 0 22  0.02678 -0.01284 -0.01633  0.10691  0.26606  0.16964 -0.03325  0.11613  0.33093  0.04598  0.11597  0.01119 -0.08985  0.25620 -0.02759  0.05456
0   0 C 0 23  0.03182  0.09939 -0.04941 -0.08753 -0.03973  0.08093 -0.15013 -0.09307  0.02317  0.25191  0.14688 -0.06070 -0.26867  0.16917 -0.10700  0.01894
0   0 C 0 24  0.07388 -0.02849 -0.00007 -0.06277  0.05358 -0.01849 -0.02959 -0.06767 -0.08626  0.04683  0.41116 -0.00948 -0.08741  0.09743  0.00466  0.17977
0   0 C 0 25 -0.08599  0.06819  0.00310 -0.16748 -0.14706  0.01832  0.00426 -0.06192 -0.04565 -0.10518  0.05438  0.06043  0.13968 -0.03658 -0.04864  0.10428
0   0 C 0 26 -0.11581  0.10893 -0.04491 -0.18184 -0.18715 -0.04439  0.05111  0.07602 -0.01179 -0.07706  0.10740  0.08328  0.34432  0.00456  0.02338  0.04322
0   0 C 0 27  0.12226  0.09380  0.05009 -0.01352  0.05955  0.10877  0.03896  0.13450  0.09280 -0.04788  0.31802  0.14995  0.33419  0.05612 -0.01797  0.10608
0   0 C 0 28  0.10259  0.16556  0.17310 -0.08585 -0.11972  0.12696  0.07356  0.11259 -0.01046 -0.00900  0.26504  0.24875  0.31220  0.10507  0.05169  0.18614
0   0 C 0 29  0.11598  0.06238  0.13844 -0.00834 -0.06244  0.18805  0.01438  0.15610  0.08217 -0.01207  0.22048  0.15330  0.26080  0.13028 -0.06028  0.07758
0   0 C 0 30  0.08535  0.00663  0.02422 -0.06593  0.00789  0.10356 -0.12280  0.09687  0.01844  0.06315  0.03732  0.04494  0.05441 -0.00573  0.00819  0.01539
0   0 C 0 31  0.05732  0.14870  0.23207  0.05276  0.00240 -0.00524 -0.06698  0.10452  0.01927  0.09354  0.24329  0.10878  0.19518  0.07739 -0.04056  0.09008
0   0 C 0 32  0.14599  0.14652  0.21743  0.27731  0.14455  0.15272  0.10194  0.19303  0.15484  0.07122  0.24650  0.13097  0.21894 -0.02152 -0.03457  0.01992
0   0 C 0 33  0.10698  0.00477  0.17063  0.16287 -0.10955  0.08191  0.15706  0.24673  0.03251 -0.04280  0.21658  0.17558  0.42545 -0.11032  0.08801  0.07921
0   0 C 0 34  0.01282  0.19240  0.14956  0.17689 -0.17904  0.17548 -0.02004  0.21498  0.00580  0.21364  0.43010  0.31569  0.54933  0.00946  0.10311  0.60093
0   0 C 0 35  0.48228  0.26896  0.12010  0.37454 -0.10469  0.33073 -0.06140  0.30109 -0.02745  0.34604  0.14003  0.27686  0.07180  0.06374  0.03430  0.29178
0   0 C 0 36  0.17628  0.10531 -0.11594  0.68218 -0.12163  0.31078 -0.11840  0.52676  0.31607  0.00892  0.26265  0.45192  0.11571  0.22365  0.05121  0.13600
0   0 C 0 37 -0.17974  0.34264 -0.02889  0.24386 -0.19034  0.40064  0.85311  0.77562 -0.07437  0.22724  0.32491  0.41049  0.15286  0.23798 -0.16910 -0.00513
0   0 C 0 38  0.09461  0.64946  0.34650  0.37293 -0.31705  0.25063  0.23246  0.74800  0.09193  0.41626  0.32469  0.38717  0.31098  0.45525 -0.14322  0.47524
0   0 C 0 39  0.62376  1.78075  0.27949  0.59411 -0.28399  0.21285  0.23139  2.25838  0.41417  0.72151  0.31268  0.76871  0.05237  0.40805  0.84899  1.03261
0   0 C 0 40  0.68812  0.18296 -0.17661  0.57197 -0.30608  0.14561 -0.90168 -0.15700 -0.96153 -0.07373 -0.64724 -0.48467 -0.90151  0.26795 -0.57889  0.39456
0   0 C 0 41  0.53569  0.81777  0.47989  0.82049  0.53958  0.41555  1.43910  0.63972  0.33692  0.78955  0.30036  0.99026  0.65696  0.84831  0.88789  0.83709
0   0 C 0 42 -0.22523 -0.08639  1.08897  0.39766  0.04240  0.18183  1.13755  0.17490  0.23273  0.57367  0.77616 -0.01511  0.38706  0.53629  0.17121  0.19914
0   0 C 0 43 -0.24002  0.55218  0.48584  0.65669  0.38904  0.41803  0.16797  0.73816  0.14594  0.25968  0.86620  0.37527  0.37150  0.90518  0.98093  0.67999
0   0 C 0 44 -0.23885 -0.00515 -0.08095 -0.03224  0.26516 -0.07123 -0.03548  0.28777  0.18237  0.12449  0.36826  0.15748  0.38743 -0.19092  0.31916  0.12183
0   0 C 0 45  0.03404  0.66276  0.29851  0.15852  0.32603 -0.11962 -0.17855  0.82915  0.07712  0.28131  0.28698  1.53505  0.12530  0.26250 -0.19645  0.53065
0   0 C 0 46  0.01897  0.20126  0.45977  1.11665  1.40286  0.43259  0.43069  0.57388  0.36582  0.43718 -0.17816  0.54418  0.97279  0.30870  0.44139  0.13450
0   0 C 0 47  0.46633  0.21154  0.92590  1.14848  0.43342  0.75442  0.73422 -0.13719  1.14023  0.86760  0.10200  0.96869  0.99114  0.96331  0.26028  0.66686
0   0 C 0 48  0.72970 -0.13816 -0.32009  0.54419  0.55594  0.31618 -0.31153  0.50277  1.86004 -0.32084 -0.32358  1.29288  1.10402  0.22186  0.12435 -0.13426
0   0 C 0 49  1.17675 -1.22525 -0.04692  0.52746 -1.27026 -0.15284  0.61706 -0.05302  0.63979  0.45203 -0.51978  0.11733  0.83234  1.09703  0.58814 -1.02130
0   0 S 0 0  0  -0.20582   0.08707
0   0 S 0 0  1  -0.26098   0.09728
0   0 S 0 0  2  -0.22277  -0.05343
0   0 S 0 0  3  -0.25537  -0.11877
0   0 S 0 0  4   0.02966   0.10218
0   0 S 0 0  5  -0.15430  -0.07655
0   0 S 0 0  6  -0.16020  -0.12084
0   0 S 0 0  7  -0.10305  -0.00621
0   0 S 0 0  8  -0.06737   0.03481
0   0 S 0 0  9  -0.23929  -0.21690
0   0 S 0 0 10  -0.25596  -0.06434
0   0 S 0 0 11  -0.12889   0.11628
0   0 S 0 0 12  -0.03388   0.01022
0   0 S 0 0 13  -0.10291  -0.00181
0   0 S 0 0 14  -0.30651  -0.55392
0   0 S 0 0 15   0.15836   0.45335
0   0 S 0 0 16  -0.33899  -0.40553
0   0 S 0 0 17  -0.19371  -0.27442
0   0 S 0 0 18  -0.06833  -0.37445
0   0 S 0 0 19   0.11756  -0.02960
0   0 S 0 0 20  -0.09036  -0.18125
0   0 S 0 0 21   0.73396  -0.35781
0   0 S 0 0 22  -0.73445  -0.63314
0   0 S 0 0 23  -0.43113  -0.43113
0   0 S 0 0 24  -0.28399  -0.28399
0   0 S 0 1  0   0.10455  -0.04991
0   0 S 0 1  1   0.11089  -0.04712
0   0 S 0 1  2   0.11701   0.00125
0   0 S 0 1  3   0.13138   0.02340
0   0 S 0 1  4   0.02160  -0.07445
0   0 S 0 1  5   0.09026   0.00324
0   0 S 0 1  6   0.08668   0.02532
0   0 S 0 1  7   0.07657  -0.04006
0   0 S 0 1  8   0.06109  -0.06517
0   0 S 0 1  9   0.13304   0.01589
0   0 S 0 1 10   0.12441  -0.03740
0   0 S 0 1 11   0.06054  -0.09829
0   0 S 0 1 12   0.01640  -0.01400
0   0 S 0 1 13   0.05355  -0.09373
0   0 S 0 1 14   0.15376   0.01804
0   0 S 0 1 15  -0.07782  -0.14817
0   0 S 0 1 16   0.16554   0.09896
0   0 S 0 1 17   0.09432   0.08033
0   0 S 0 1 18   0.06743   0.09660
0   0 S 0 1 19  -0.01635  -0.01451
0   0 S 0 1 20   0.10551   0.03440
0   0 S 0 1 21  -0.16536   0.10151
0   0 S 0 1 22   0.43636   0.19317
0   0 S 0 1 23   0.16724   0.16724
0   0 S 0 1 24   0.10785   0.10785
0   0 S 0 2  0  -0.00000  -0.00000
0   0 S 0 2  1  -0.00000  -0.00000
0   0 S 0 2  2  -0.00000  -0.00000
0   0 S 0 2  3  -0.00000  -0.00000
0   0 S 0 2  4  -0.00000  -0.00000
0   0 S 0 2  5  -0.00000  -0.00000
0   0 S 0 2  6  -0.00000  -0.00000
0   0 S 0 2  7  -0.00000  -0.00000
0   0 S 0 2  8  -0.00000  -0.00000
0   0 S 0 2  9  -0.00000  -0.00000
0   0 S 0 2 10  -0.00000  -0.00000
0   0 S 0 2 11  -0.00000  -0.00000
0   0 S 0 2 12  -0.00000  -0.00000
0   0 S 0 2 13  -0.00000  -0.00000
0   0 S 0 2 14  -0.00000  -0.00000
0   0 S 0 2 15  -0.00000  -0.00000
0   0 S 0 2 16  -0.00000  -0.00000
0   0 S 0 2 17  -0.00000  -0.00000
0   0 S 0 2 18  -0.00000  -0.00000
0   0 S 0 2 19  -0.00000  -0.00000
0   0 S 0 2 20  -0.00000  -0.00000
0   0 S 0 2 21  -0.00000  -0.00000
0   0 S 0 2 22  -0.00000  -0.00000
0   0 S 0 2 23  -0.00000  -0.00000
0   0 S 0 2 24  -0.00000  -0.00000
0   0 K  0 -0.23210 -0.23834 -0.12003 -0.10548 -0.07674 -0.05473 -0.15643 -0.04580 -0.05411 -0.01687 -0.04228 -0.05515 -0.00118 -0.01158  0.02253  0.04819  0.04203  0.06562  0.06269  0.13016 -0.02584  0.03360 -0.04946  0.00892  0.00470 -0.01549 -0.03675  0.04206  0.03200 -0.05378 -0.02786 -0.08853
0   0 K  1 -0.13301 -0.09235 -0.08500  0.04504  0.04012 -0.05167 -0.00810  0.00725 -0.00961  0.05174  0.03366  0.03451  0.08453  0.03955  0.10587  0.12288  0.04080  0.03154  0.10145  0.19980  0.03485  0.05500  0.04668  0.04452 -0.02716 -0.00978  0.04658  0.03677  0.14363  0.09988  0.02130  0.03183
0   0 K  2 -0.07883  0.01166  0.05135  0.11805  0.11280  0.03462  0.10050  0.12685  0.12850  0.17041  0.16173  0.10603  0.16643  0.13742  0.21955  0.13766  0.12754  0.15796  0.25544  0.22214  0.13694  0.07181  0.14385  0.14334  0.15736  0.07771  0.13323  0.18356  0.15889  0.17926  0.11671  0.14976
0   0 K  3 -0.04636  0.05155  0.08880  0.15446  0.11362  0.08391  0.12654  0.15989  0.24236  0.19551  0.13964  0.17662  0.20101  0.16035  0.27220  0.17261  0.20518  0.21124  0.30779  0.24825  0.15404  0.08229  0.10719  0.07968  0.07342  0.19805  0.15982  0.16573  0.14977  0.13477  0.18352  0.10011
0   0 K  4  0.02535  0.13789  0.10065  0.20649  0.20379  0.13961  0.26790  0.25655  0.25005  0.29928  0.23981  0.21452  0.28323  0.27346  0.29896  0.30111  0.25972  0.27760  0.34234  0.27375  0.22900  0.20239  0.29547  0.16130  0.28432  0.20912  0.15148  0.20374  0.21079  0.18720  0.21504  0.19988
0   0 K  5 -0.03989  0.05029  0.06381  0.08447  0.13795  0.07984  0.10943  0.17743  0.19804  0.17254  0.12828  0.14443  0.21780  0.23429  0.23498  0.18739  0.20786  0.27845  0.22768  0.32237  0.18866  0.17964  0.25081  0.12952  0.12227  0.11651  0.15206  0.22231  0.21350  0.13916  0.07948  0.10067
0   0 K  6 -0.10541  0.06790  0.08589  0.15870  0.15931  0.15836  0.17627  0.17473  0.18190  0.27316  0.25517  0.19256  0.24838  0.22468  0.28245  0.23630  0.17816  0.18520  0.33537  0.31739  0.17893  0.20997  0.22426  0.10139  0.18557  0.18346  0.14047  0.24226  0.23819  0.17404  0.16601  0.15274
0   0 K  7  0.05525  0.25488  0.27995  0.35117  0.32547  0.27302  0.31352  0.35148  0.34063  0.38627  0.36390  0.31859  0.32708  0.41122  0.45257  0.35539  0.30890  0.39931  0.43143  0.48505  0.32836  0.33263  0.39696  0.27294  0.22344  0.32986  0.37549  0.40786  0.33461  0.27016  0.25030  0.21945
0   0 K  8 -0.21450 -0.12262 -0.05385  0.04821  0.10437  0.14506  0.15180  0.23461  0.26783  0.25681  0.26913  0.17736  0.27548  0.30225  0.39154  0.36323  0.23090  0.40688  0.47696  0.49348  0.17963  0.18841  0.30450  0.14532  0.20547  0.28342  0.27955  0.28593  0.38423  0.23242  0.21736  0.10845
0   0 K  9 -0.06640  0.07921  0.14942  0.28201  0.32577  0.28666  0.33347  0.45950  0.45421  0.48605  0.45939  0.41875  0.47180  0.53747  0.47047  0.50492  0.42818  0.42638  0.55557  0.65985  0.38152  0.36456  0.40799  0.37154  0.32610  0.44752  0.43617  0.48580  0.53101  0.43187  0.34491  0.39033
0   0 K 10  0.35973  0.54865  0.55008  0.78527  0.77477  0.70388  0.76548  0.85896  0.86789  0.91890  0.85537  0.85359  0.85769  0.86280  0.86477  0.87197  0.80510  0.84904  0.85707  0.93062  0.81616  0.82366  0.83618  0.74329  0.78759  0.86764  0.80056  0.91608  0.90574  0.83694  0.70707  0.70691
0   0 K 11  0.62817  0.84221  0.86373  0.94502  0.96352  0.84634  0.94957  0.93882  0.99749  1.16492  0.96645  1.02198  1.06692  1.15114  1.15858  1.10749  0.99580  1.07374  1.12046  1.20350  0.94302  0.91785  1.08188  1.01017  1.01243  0.97955  1.05983  1.09344  1.17591  1.09014  1.01982  0.94007
0   0 K 12  0.82556  0.90173  0.97444  0.98336  1.05575  0.86781  0.92257  0.92171  1.07306  1.16521  1.21154  1.14342  1.30054  1.24979  1.32983  1.19234  1.15583  1.23272  1.30494  1.45869  1.13606  0.85671  1.06826  1.02918  1.19668  1.02158  1.13190  1.14892  1.21309  1.16633  1.06014  1.14113
0   0 K 13  0.88228  1.10735  1.29009  1.20802  1.15882  1.08306  1.11910  1.16287  1.34088  1.43296  1.39943  1.42124  1.40994  1.49369  1.43746  1.47460  1.29658  1.34955  1.57668  1.49092  1.24016  1.24348  1.13546  1.16976  1.10026  1.25523  1.24083  1.28287  1.26851  1.04282  1.22901  1.22437
0   0 K 14  1.41276  1.33134  1.28876  1.63100  1.43408  1.39167  1.53342  1.35674  1.42851  1.57885  1.81569  1.66700  1.72519  1.76986  1.67465  1.98409  1.55426  1.62869  1.72785  1.87434  1.32353  1.39353  1.36973  1.46085  1.46955  1.42866  1.43813  1.40406  1.52527  1.53026  1.45082  1.35888
0   0 K 15  0.51294  0.59106  0.78187  0.61823  1.03000  1.02067  1.08441  1.06357  1.06786  0.93370  0.82398  1.02210  0.94621  0.92749  1.19462  1.06391  1.15788  1.17927  1.29021  1.13178  0.95126  1.23389  1.08613  1.06351  0.91009  0.79082  0.82685  1.13348  1.02303  1.08989  1.14098  1.27304
0   0 K 16  1.48509  1.53514  1.56995  1.85988  1.86167  1.84995  1.74955  1.79878  1.85809  1.69905  1.80806  1.80440  1.64194  1.95110  1.91646  1.74809  1.94514  1.96568  1.96692  1.90216  1.74872  1.70346  1.71119  1.49311  1.58826  1.64715  1.75211  1.67721  1.93414  1.87992  2.00901  2.03923
0   0 K 17  0.95172  0.94923  0.84252  1.10602  1.02014  1.07129  1.05766  1.03166  0.99788  1.02965  1.10310  1.08725  1.08097  1.00395  1.04445  1.04175  1.27640  1.16958  1.14192  1.26942  1.08415  1.01205  0.97871  0.80320  0.99059  1.12785  1.03522  1.14525  1.23621  1.20012  1.18236  1.29023
0   0 K 18  1.79737  1.72423  1.74164  1.98792  1.98430  2.08215  1.93591  1.78979  1.83157  2.05237  1.97304  2.02450  2.00588  2.00801  2.00643  2.12417  2.21459  2.24120  2.10468  2.19069  1.98200  1.98071  1.87924  1.79899  2.01522  1.90678  2.08500  2.03490  2.17321  2.16783  2.37796  2.35102
0   0 K 19  1.28025  1.10200  0.95765  1.26990  1.38162  1.34580  1.25159  1.15999  1.11197  1.33636  1.26998  1.41573  1.43737  1.37621  1.33753  1.41271  1.52336  1.44457  1.47362  1.30971  1.27435  1.19228  1.30340  1.27186  1.23743  1.16977  1.19504  1.36423  1.47039  1.52163  1.68180  1.70323
0   0 K 20  1.03962  0.93655  0.62904  1.04501  0.98028  1.07761  0.88801  0.68751  0.62448  1.11494  0.98261  1.07306  1.25423  0.98494  1.04543  1.17883  1.04641  0.96247  0.85858  0.86325  0.95181  1.04382  1.11670  0.89130  0.73678  0.80784  0.82985  0.92929  1.13994  1.19116  1.28547  1.28568
0   0 K 21  0.95420  0.71401  0.69506  1.15041  0.98250  1.11911  1.03332  0.71912  0.77878  1.03920  1.15304  1.26693  1.34710  1.27841  1.15785  1.27610  1.17304  1.02601  1.00812  0.83164  0.94671  0.94204  0.87509  0.94435  0.84216  0.69953  0.82971  0.83557  1.10187  1.02285  1.31201  1.34853
0   0 K 22  1.35994  1.21031  1.05762  1.69246  1.51602  1.57745  1.51598  1.31577  1.49161  1.88174  1.81599  2.03983  2.02930  1.87057  2.06434  2.00552  1.77628  1.49085  1.67729  1.55725  1.46403  1.67055  1.69597  1.51919  1.37349  1.35575  1.31859  1.42711  1.64139  1.77572  1.97711  2.12796
0   0 K 23  0.42049  0.19537  0.20747  0.79500  0.65186  0.54897  0.44866  0.32620  0.44552  0.76987  0.87452  0.99132  1.01758  0.85861  0.93583  0.94861  0.44257  0.38408  0.35176  0.08912  0.38596  0.61833  0.56756  0.53464  0.22316  0.05610  0.16607  0.42574  0.61557  0.64382  0.61300  1.05608
0   0 K 24  0.95930  0.87335  0.52183  1.24451  1.04843  1.01067  1.05532  0.78947  1.01405  1.30626  1.43553  1.36593  1.29013  1.32407  1.11551  1.37119  0.72565  0.43659  0.53100  0.48227  0.96138  1.08280  1.23644  1.17238  0.98578  0.66950  1.02584  0.98941  0.98755  0.94392  1.28230  1.37584
0   0 C 1  0  0.86133  0.00434  0.19038  0.70058 -0.44100 -0.42054 -0.32319  0.12877 -0.24705 -0.65063 -0.19698  0.14670  0.39405 -0.35382 -0.32747  0.49652
0   0 C 1  1  0.53570 -0.42443 -0.26728 -0.09994 -0.56893 -0.04524  0.10386 -0.27846  0.07063  0.36982 -0.51365 -0.26828  0.36719  0.06084  0.35770  0.87908
0   0 C 1  2  0.43055  0.23369  0.31244 -0.16064 -0.07333  0.47378 -0.05155  0.10469  0.25138  0.07219  0.02383  0.08993 -0.00588  0.37298 -0.05887  0.44019
0   0 C 1  3 -0.80165 -0.67523  0.13794  0.38802 -0.64424  0.08533 -0.21663 -0.02508 -0.44901 -0.41131 -0.10942  0.57792  0.23798  0.04194  0.39641  0.42136
0   0 C 1  4  0.31920  0.46224 -0.18386  0.06911  1.06608  0.11391 -0.25700  0.23051  0.27021  0.14979 -0.02161  0.45421  0.48623 -0.36283  0.08262  0.26986
0   0 C 1  5 -0.46855 -0.78321  0.06947  0.54593  0.04674  0.18254 -0.41963  0.34712 -0.61659 -0.28633 -0.41817  0.45166  0.13161  0.11442  0.11739  0.19490
0   0 C 1  6 -0.16010  0.08304 -0.17292  0.06491  0.19085  0.17241 -0.53671  0.08228 -0.26077 -0.25365 -0.73719  0.15192  0.15063  0.02738 -0.33777 -0.10972
0   0 C 1  7  0.04421 -0.04642  0.11613  0.06759  0.14246  0.10241 -0.15876  0.03923 -0.17074  0.07845 -0.21144  0.18084  0.20742  0.33235  0.03388  0.06387
0   0 C 1  8  0.27168  0.39348  0.33264  0.44344  0.33208  0.23934 -0.17016 -0.17880 -0.03670  0.02946  0.24346  0.24600  0.19341  0.50689  0.24193  0.05913
0   0 C 1  9 -0.00236  0.10420  0.34933  0.38006  0.40280 -0.19217  0.04484 -0.27781 -0.36924  0.19813  0.02990  0.21536  0.08511  0.11133  0.00141 -0.28688
0   0 C 1 10  0.22478  0.23114  0.08829  0.22457  0.31194  0.09883  0.35291 -0.00536 -0.21851  0.10356 -0.15808 -0.06191 -0.11753  0.03364  0.04870  0.16323
0   0 C 1 11 -0.03172  0.03585 -0.12509  0.22712 -0.00054 -0.05183  0.28226 -0.04601 -0.00870  0.14718 -0.10968  0.14478  0.24782  0.09049  0.05490 -0.11353
0   0 C 1 12 -0.13888  0.16497 -0.07532  0.44415  0.52116  0.09092  0.15881 -0.08436 -0.10519  0.07296 -0.21587  0.15596  0.31290  0.03875  0.07869 -0.06739
0   0 C 1 13 -0.28993 -0.05822 -0.13479  0.31949  0.47784  0.20588 -0.06800 -0.12989 -0.05382  0.00543 -0.28766  0.12117  0.18512 -0.00276 -0.10801 -0.11850
0   0 C 1 14 -0.11558 -0.10916 -0.10267  0.15695  0.13334 -0.02804 -0.13218 -0.12254 -0.14319 -0.02745 -0.14391 -0.02163  0.05544 -0.00262 -0.15206 -0.09193
0   0 C 1 15 -0.27351 -0.17700 -0.13209 -0.13282 -0.06500 -0.16362 -0.19588 -0.18837 -0.19250 -0.07313 -0.19907 -0.13299  0.00826  0.04373 -0.18636 -0.01616
0   0 C 1 16 -0.24122 -0.12262 -0.08431  0.16612  0.01559 -0.05841 -0.14596 -0.10502 -0.10107 -0.10231 -0.05620 -0.02700  0.02382  0.03082 -0.07443 -0.13135
0   0 C 1 17 -0.09576 -0.06347  0.13426 -0.01746 -0.04992  0.02722 -0.02459 -0.14101 -0.11260 -0.05240  0.02654  0.09930 -0.02472  0.06647 -0.11715 -0.05027
0   0 C 1 18 -0.04603 -0.02934  0.00073  0.00604  0.03798 -0.15052 -0.09052  0.00980  0.01798 -0.03469 -0.00859 -0.04682  0.02334  0.08373 -0.04120 -0.02057
0   0 C 1 19  0.01035  0.00870  0.00686  0.04057  0.02121 -0.11970 -0.06906  0.03614  0.03135  0.00545 -0.02294  0.01549  0.03414  0.01662  0.03049  0.00436
0   0 C 1 20  0.02291  0.05479  0.01742  0.09111 -0.01946 -0.01733  0.02296 -0.00846  0.08732 -0.02043 -0.02872 -0.01034  0.01578  0.08318  0.03195  0.07127
0   0 C 1 21  0.04791  0.02642 -0.00427  0.02518  0.06653 -0.09759 -0.04768 -0.01962 -0.00028 -0.04984 -0.00481 -0.03330  0.05451 -0.05603 -0.01204  0.01147
0   0 C 1 22 -0.03593 -0.02794 -0.04538  0.07413  0.00791 -0.10962 -0.11773  0.00549 -0.03083 -0.04555 -0.00165 -0.06880 -0.01221 -0.11238 -0.02760  0.01267
0   0 C 1 23 -0.04446  0.04962  0.01488 -0.05274 -0.01284 -0.11548 -0.11580  0.00727  0.02274 -0.03286 -0.07145 -0.06045  0.06350 -0.02438 -0.02604 -0.05083
0   0 C 1 24 -0.00353 -0.00189 -0.04398  0.00084 -0.00720 -0.03901 -0.00249  0.05332  0.05252 -0.14835 -0.00700  0.05700  0.08009  0.01263 -0.04055 -0.06471
0   0 C 1 25  0.04282 -0.01750 -0.01133 -0.04861  0.02430 -0.00473 -0.05469  0.11374  0.06964  0.02190 -0.05342  0.04729 -0.04127  0.00614 -0.10713 -0.06670
0   0 C 1 26  0.02457  0.02737 -0.03346 -0.08925  0.00318  0.02791 -0.02448  0.14009  0.13082  0.04283  0.01909  0.05446  0.11402 -0.01621 -0.01185 -0.07450
0   0 C 1 27  0.03139  0.08408  0.04792 -0.00126  0.00265  0.01121 -0.11200  0.12264  0.11314  0.06477  0.04371  0.02593  0.09374 -0.05803 -0.02213 -0.03950
0   0 C 1 28 -0.01792  0.03499  0.11231 -0.07492  0.06022  0.01445 -0.11327 -0.02049  0.10138 -0.04156 -0.07765 -0.04252  0.11831 -0.03280 -0.06820 -0.06207
0   0 C 1 29 -0.03697 -0.07464 -0.05200 -0.11272  0.01709 -0.00910 -0.08398  0.00694  0.00736 -0.06397  0.06705 -0.07851  0.08065 -0.08704 -0.11942  0.00777
0   0 C 1 30 -0.04995 -0.10987 -0.02581 -0.08706 -0.06146  0.01499 -0.12311  0.02920  0.12265  0.05869  0.11058 -0.09869  0.02771 -0.08607 -0.05486  0.16148
0   0 C 1 31 -0.01517 -0.04789  0.00440 -0.03919 -0.03129  0.00312 -0.13874 -0.00850  0.05920  0.16223  0.08432 -0.06199  0.07051 -0.04192 -0.07275  0.08216
0   0 C 1 32  0.00164 -0.05358  0.04961 -0.04300  0.08379  0.04325 -0.08392  0.07413  0.06173  0.08067  0.05734 -0.03504  0.11229 -0.08774 -0.11614  0.07544
0   0 C 1 33 -0.00760 -0.04244  0.00109  0.10196  0.08402  0.06489  0.00498  0.11810  0.13721 -0.01398  0.12812  0.05858  0.24549 -0.06291 -0.07084  0.02752
0   0 C 1 34  0.07820  0.00853  0.02896  0.16010  0.15908  0.11886 -0.01649  0.25163  0.21730  0.09785  0.02815  0.10602  0.41037 -0.06615  0.00712  0.19436
0   0 C 1 35  0.03892 -0.22685 -0.22336  0.19426  0.16173  0.03151 -0.10200 -0.00999  0.07178  0.11999 -0.01824  0.13551  0.11489 -0.16667 -0.15403  0.17019
0   0 C 1 36 -0.02280 -0.11762 -0.24133  0.35319  0.04925 -0.03756 -0.20927 -0.15668  0.12255 -0.12915 -0.10318  0.13824  0.03235 -0.11406 -0.06515 -0.04307
0   0 C 1 37 -0.16789 -0.13011 -0.27861  0.18971 -0.09921 -0.15161  0.10378 -0.21008 -0.21728 -0.13950 -0.20653  0.09186  0.11257 -0.20137 -0.19379 -0.30396
0   0 C 1 38 -0.07284  0.04552 -0.11515  0.00028 -0.22256 -0.35741 -0.06926 -0.06712 -0.03310  0.05374 -0.18145  0.11587 -0.01561 -0.24607 -0.11430 -0.24827
0   0 C 1 39  0.00786  0.37646 -0.26448 -0.16947 -0.55049 -0.50304 -0.07510  0.50363  0.08093 -0.08757 -0.20914 -0.06315 -0.31268 -0.28575  0.36447  0.36263
0   0 C 1 40 -0.12806  0.03288 -0.25827 -0.07715 -0.09441 -0.28954 -0.00582 -0.61287 -0.42678 -0.26982  0.15482  0.33178 -0.05244  0.01463  0.11001 -0.03052
0   0 C 1 41 -0.14649 -0.34932 -0.35089 -0.07356 -0.07557 -0.15665 -0.37470 -0.36686  0.10900 -0.38030 -0.01921 -0.09497 -0.46863 -0.39622 -0.26117 -0.24025
0   0 C 1 42 -0.00172 -0.17458  0.07701  0.06799 -0.07867 -0.12883 -0.14742 -0.27010  0.19974 -0.32487  0.11368  0.01173  0.04481 -0.52744 -0.06478 -0.12016
0   0 C 1 43  0.38350 -0.06014 -0.16339  0.01926 -0.05618  0.13694  0.03174 -0.24308  0.39885 -0.13496  0.37270  0.69556  0.32953 -0.44823  0.22677 -0.15408
0   0 C 1 44  0.17959  0.27672 -0.37849 -0.28136  0.28176  0.15519 -0.21222 -0.33065  0.35400 -0.23087  0.15256  0.34893  0.52354  0.07350 -0.36285 -0.50603
0   0 C 1 45 -0.51392 -0.14691 -1.12719 -0.29469  0.20496  0.03122 -0.37087  0.01421 -0.63813 -0.26122 -0.14680  0.50184  0.11192 -0.59926 -0.12016 -0.33694
0   0 C 1 46  0.15718  0.24677  0.04832  0.18532 -0.11175  0.49986  0.43501  0.05603  0.10711  0.01861 -0.13108 -0.11042  0.27403 -0.20795 -0.23106 -0.54073
0   0 C 1 47 -0.10214 -0.21930 -0.18786 -1.10167 -0.52578 -0.20566 -0.03196  0.16981 -0.10750 -0.09918  0.07512 -0.04459  0.03826  0.05714 -0.32651  0.07129
0   0 C 1 48  0.17550  0.31222  0.15851 -1.51727 -0.49305  0.05681  0.42756  0.52227  0.18372  0.15177  0.03060 -0.11855 -0.21702 -0.26172  0.11103  0.27135
0   0 C 1 49 -0.21438 -0.28832  2.06679  1.95890 -0.15224  1.02959  0.30088  0.85683 -0.52849 -0.45340  0.13033  0.59250 -0.49284 -0.14276 -0.81163 -0.76289
0   0 S 1 0  0   0.97370   0.79417
0   0 S 1 0  1   0.33781   0.31839
0   0 S 1 0  2   0.21841   0.07793
0   0 S 1 0  3  -0.03522   0.40446
0   0 S 1 0  4   0.55770   1.04606
0   0 S 1 0  5  -0.18234   0.07723
0   0 S 1 0  6  -0.04895   0.09290
0   0 S 1 0  7  -0.23112   0.06253
0   0 S 1 0  8   0.08904  -0.10955
0   0 S 1 0  9   0.85024  -0.82794
0   0 S 1 0 10   0.21188   0.71374
0   0 S 1 0 11   0.64610   0.50810
0   0 S 1 0 12   0.74962  -0.51376
0   0 S 1 0 13   0.69864  -1.26570
0   0 S 1 0 14  -0.31039  -1.30447
0   0 S 1 0 15   2.33778   0.77386
0   0 S 1 0 16   2.90193   1.01085
0   0 S 1 0 17   1.25271  -0.02315
0   0 S 1 0 18   2.43479   0.11767
0   0 S 1 0 19   1.93196  -0.01185
0   0 S 1 0 20   1.93504  -0.35448
0   0 S 1 0 21   1.12687  -0.13434
0   0 S 1 0 22   0.76361  -1.60284
0   0 S 1 0 23  -0.66261  -0.66261
0   0 S 1 0 24  -1.26391  -1.26391
0   0 S 1 1  0   0.01562  -0.05386
0   0 S 1 1  1   0.11175  -0.00998
0   0 S 1 1  2   0.13380   0.06838
0   0 S 1 1  3   0.20738   0.03548
0   0 S 1 1  4   0.03659  -0.13152
0   0 S 1 1  5   0.17899   0.07898
0   0 S 1 1  6   0.21110   0.05139
0   0 S 1 1  7   0.19929   0.04067
0   0 S 1 1  8   0.18529   0.04664
0   0 S 1 1  9   0.13323   0.18659
0   0 S 1 1 10   0.23625  -0.08325
0   0 S 1 1 11   0.07766  -0.14281
0   0 S 1 1 12   0.06533   0.04538
0   0 S 1 1 13   0.16546   0.09792
0   0 S 1 1 14   0.36384   0.02993
0   0 S 1 1 15   0.12317  -0.06213
0   0 S 1 1 16   0.05794   0.00460
0   0 S 1 1 17   0.28957   0.18274
0   0 S 1 1 18   0.07268   0.12509
0   0 S 1 1 19   0.16716   0.19498
0   0 S 1 1 20   0.28526   0.29950
0   0 S 1 1 21   0.48185   0.34645
0   0 S 1 1 22   0.53796   0.49711
0   0 S 1 1 23   0.52122   0.52122
0   0 S 1 1 24   0.58784   0.58784
0   0 S 1 2  0   0.13268   0.11627
0   0 S 1 2  1   0.08340   0.05565
0   0 S 1 2  2   0.06466   0.05405
0   0 S 1 2  3   0.04970   0.09662
0   0 S 1 2  4   0.07261   0.13549
0   0 S 1 2  5   0.01320   0.06783
0   0 S 1 2  6   0.04539   0.06068
0   0 S 1 2  7   0.00792   0.05960
0   0 S 1 2  8   0.04976   0.04813
0   0 S 1 2  9   0.14120   0.01798
0   0 S 1 2 10   0.08426   0.18196
0   0 S 1 2 11   0.10070   0.15032
0   0 S 1 2 12   0.11757   0.06345
0   0 S 1 2 13   0.14466   0.00000
0   0 S 1 2 14   0.06079   0.00000
0   0 S 1 2 15   0.35137   0.28251
0   0 S 1 2 16   0.41847   0.28390
0   0 S 1 2 17   0.24484   0.19134
0   0 S 1 2 18   0.33676   0.16774
0   0 S 1 2 19   0.28672   0.14702
0   0 S 1 2 20   0.29011   0.13590
0   0 S 1 2 21   0.23907   0.17369
0   0 S 1 2 22   0.18463   0.00000
0   0 S 1 2 23   0.10903   0.10903
0   0 S 1 2 24   0.05163   0.05163
0   0 F  0   1.01368   1.01368   1.00024   1.00024   1.00183   1.00183   0.99850   0.99850   0.99189   0.99189   0.99682   0.99682   0.99935   0.99935   0.99624   0.99624   0.99941   0.99941   0.99232   0.99232   0.98424   0.98424   0.98267   0.98267   0.97738
0   0 F  1   1.07581   1.07581   1.07145   1.07145   1.08572   1.08572   1.06962   1.06962   1.07176   1.07176   1.12163   1.12163   1.12671   1.12671   1.16595   1.16595   1.11722   1.11722   1.09003   1.09003   1.07672   1.07672   1.01689   1.01689   1.03128
0   0 F  2   1.09963   1.09963   1.05799   1.05799   1.08473   1.08473   1.06446   1.06446   1.08173   1.08173   1.12683   1.12683   1.14205   1.14205   1.15579   1.15579   1.10976   1.10976   1.10593   1.10593   1.10297   1.10297   1.02743   1.02743   1.03702
0   0 F  3   1.07314   1.07314   1.09657   1.09657   1.09654   1.09654   1.06475   1.06475   1.06433   1.06433   1.12069   1.12069   1.14359   1.14359   1.14929   1.14929   1.12274   1.12274   1.10408   1.10408   1.09998   1.09998   1.01036   1.01036   0.98967
0   0 F  4   1.06978   1.06978   1.06955   1.06955   1.04839   1.04839   1.05699   1.05699   1.06803   1.06803   1.10116   1.10116   1.12510   1.12510   1.16300   1.16300   1.12074   1.12074   1.10398   1.10398   1.09272   1.09272   1.00864   1.00864   0.99873
0   0 F  5   1.08815   1.08815   1.09731   1.09731   1.06494   1.06494   1.07778   1.07778   1.09549   1.09549   1.13464   1.13464   1.14683   1.14683   1.17996   1.17996   1.13214   1.13214   1.11817   1.11817   1.11753   1.11753   1.05283   1.05283   1.01366
0   0 F  6   1.09163   1.09163   1.08963   1.08963   1.08546   1.08546   1.07791   1.07791   1.10023   1.10023   1.14501   1.14501   1.16958   1.16958   1.18995   1.18995   1.14097   1.14097   1.14209   1.14209   1.16825   1.16825   1.09505   1.09505   1.03706
0   0 F  7   1.08804   1.08804   1.09476   1.09476   1.06117   1.06117   1.07303   1.07303   1.11425   1.11425   1.13985   1.13985   1.17320   1.17320   1.19598   1.19598   1.14749   1.14749   1.14983   1.14983   1.14880   1.14880   1.13134   1.13134   1.11031
0   0 F  8   1.10100   1.10100   1.06379   1.06379   1.06978   1.06978   1.07745   1.07745   1.08876   1.08876   1.14776   1.14776   1.16392   1.16392   1.17075   1.17075   1.15752   1.15752   1.16267   1.16267   1.17911   1.17911   1.10715   1.10715   1.11503
